,status,domain,reasons,comparable_sales,govalue_limits,govalue
0,OK,aeromediadigest.co.uk,"[{'avg_sold_price': 1872, 'type': 'valuable_keyword', 'keyword': 'media'}, {'type': 'popular_keyword', 'keyword': 'media'}, {'sld': 'aeromediadigest', 'type': 'short'}]","[{'domain': 'usaweatherforecast.info', 'price': 10, 'year': 2010}, {'domain': 'socialmediatrends.info', 'price': 15, 'year': 2014}, {'domain': 'mobilemarketingagency.co.uk', 'price': 1458, 'year': 2011}, {'domain': 'thepodcastdigest.info', 'price': 22, 'year': 2019}, {'domain': 'socialmediacourse.info', 'price': 15, 'year': 2015}, {'domain': 'londontheatreguide.co.uk', 'price': 2500, 'year': 2014}, {'domain': 'socialmediajobs.info', 'price': 15, 'year': 2014}, {'domain': 'theweathernetwork.co.uk', 'price': 3125, 'year': 2012}, {'domain': 'audiobookstore.co.uk', 'price': 1800, 'year': 2014}, {'domain': 'aircraftcarrier.co.uk', 'price': 83, 'year': 2019}]","[100, 25000]",100
1,OK,aerospacepartnership.co.uk,"[{'domain': 'aerospacepartnership.co.uk', 'type': 'memorable'}, {'sld': 'aerospacepartnership', 'type': 'unique'}]","[{'domain': 'aerospaceengineering.info', 'price': 23, 'year': 2013}, {'domain': 'engineeringcareers.co.uk', 'price': 1500, 'year': 2012}, {'domain': 'aerospacejobs.co.uk', 'price': 4900, 'year': 2009}, {'domain': 'enterprisearchitects.co.uk', 'price': 2716, 'year': 2010}, {'domain': 'healthcarerecruitment.co.uk', 'price': 1100, 'year': 2015}, {'domain': 'fleetsolutions.co.uk', 'price': 4395, 'year': 2019}, {'domain': 'sensingsolutions.co.uk', 'price': 399, 'year': 2019}, {'domain': 'engineeringjobs.co.uk', 'price': 8126, 'year': 2005}, {'domain': 'roboticstechnology.info', 'price': 10, 'year': 2011}, {'domain': 'kineticsgroup.co.uk', 'price': 1999, 'year': 2019}]","[100, 25000]",100
2,OK,automediadigest.co.uk,"[{'avg_sold_price': 1872, 'type': 'valuable_keyword', 'keyword': 'media'}, {'keyword2': 'media', 'keyword1': 'auto', 'type': 'popular_keywords'}, {'sld': 'automediadigest', 'type': 'short'}]","[{'domain': 'autotradingfx.info', 'price': 14, 'year': 2015}, {'domain': 'autocarsblogger.info', 'price': 10, 'year': 2014}, {'domain': 'thepodcastdigest.info', 'price': 22, 'year': 2019}, {'domain': 'socialmediatrends.info', 'price': 15, 'year': 2014}, {'domain': 'caraudiosecurity.co.uk', 'price': 2623, 'year': 2015}, {'domain': 'autocadtutorial.info', 'price': 10, 'year': 2009}, {'domain': 'socialmediacourse.info', 'price': 15, 'year': 2015}, {'domain': 'carlightingdeals.info', 'price': 15, 'year': 2013}, {'domain': 'mobilemarketingagency.co.uk', 'price': 1458, 'year': 2011}, {'domain': 'socialmediajobs.info', 'price': 15, 'year': 2014}]","[100, 25000]",100
3,OK,automotiveclub.org.uk,"[{'avg_sold_price': 1888, 'type': 'valuable_keyword', 'keyword': 'club'}, {'type': 'popular_keyword', 'keyword': 'club'}, {'domain': 'automotiveclub.org.uk', 'type': 'memorable'}, {'domain': 'automotiveclub.com', 'type': 'other_extension_sold'}, {'sld': 'automotiveclub', 'type': 'short'}, {'sld': 'automotiveclub', 'num_of_other_tlds_in_use': 6, 'type': 'extensions_taken'}]","[{'domain': 'automotiveclub.com', 'price': 1000, 'year': 2006}, {'domain': 'autoclubs.info', 'price': 1500, 'year': 2007}, {'domain': 'sportsclub.info', 'price': 19, 'year': 2011}, {'domain': 'automotivetool.info', 'price': 20, 'year': 2012}, {'domain': 'autotunings.info', 'price': 20, 'year': 2015}, {'domain': 'fitnessclub.ch', 'price': 9120, 'year': 2019}, {'domain': 'musicclub.fr', 'price': 1300, 'year': 2009}, {'domain': 'mrclub.club', 'price': 2030, 'year': 2016}, {'domain': 'fitnessclub.co.uk', 'price': 1811, 'year': 2012}, {'domain': 'badboyclub.biz', 'price': 10, 'year': 2009}]","[100, 25000]",100
4,OK,automotiveintelligence.co.uk,"[{'avg_sold_price': 1859, 'type': 'valuable_keyword', 'keyword': 'intelligence'}, {'domain': 'automotiveintelligence.co.uk', 'type': 'memorable'}, {'domain': 'automotiveintelligence.com', 'type': 'other_extension_sold_high', 'price': 2000.0}, {'sld': 'automotiveintelligence', 'num_of_other_tlds_in_use': 7, 'type': 'extensions_taken'}]","[{'domain': 'automotiveintelligence.com', 'price': 2000, 'year': 2011}, {'domain': 'autonetwork.co.uk', 'price': 1000, 'year': 2013}, {'domain': 'retailsignage.co.uk', 'price': 1300, 'year': 2013}, {'domain': 'electricalwiring.co.uk', 'price': 1200, 'year': 2010}, {'domain': 'electricalsupplies.co.uk', 'price': 1057, 'year': 2013}, {'domain': 'businessintelligence.info', 'price': 1484, 'year': 2009}, {'domain': 'constructionservices.co.uk', 'price': 1505, 'year': 2006}, {'domain': 'engineeringcareers.co.uk', 'price': 1500, 'year': 2012}, {'domain': 'franchiseopportunities.co.uk', 'price': 1291, 'year': 2016}, {'domain': 'industryanalysis.co.uk', 'price': 1110, 'year': 2010}]","[100, 25000]",1061
5,OK,automotivepartnership.com,"[{'domain': 'automotivepartnership.com', 'type': 'memorable'}, {'type': 'great_extension'}]","[{'domain': 'automotivepartners.com', 'price': 1088, 'year': 2018}, {'domain': 'automotivedynamics.com', 'price': 2000, 'year': 2011}, {'domain': 'automotivesolutions.com', 'price': 1600, 'year': 2008}, {'domain': 'automotiveresearch.com', 'price': 3000, 'year': 2006}, {'domain': 'automotiveuniversity.com', 'price': 1000, 'year': 2011}, {'domain': 'automotiveprofessionals.com', 'price': 974, 'year': 2007}, {'domain': 'automotiveengineering.com', 'price': 2900, 'year': 2007}, {'domain': 'enterprisepartnership.com', 'price': 688, 'year': 2011}, {'domain': 'technologypartnership.com', 'price': 1016, 'year': 2008}, {'domain': 'automotiverecruiting.com', 'price': 2888, 'year': 2011}]","[100, 25000]",1854
6,OK,biztroduce.com,"[{'type': 'great_extension'}, {'sld': 'biztroduce', 'type': 'short'}]","[{'domain': 'coinfidence.com', 'price': 895, 'year': 2017}, {'domain': 'skinfidence.com', 'price': 1900, 'year': 2019}, {'domain': 'equence.com', 'price': 1288, 'year': 2016}, {'domain': 'bizversity.com', 'price': 3600, 'year': 2018}, {'domain': 'zumruduanka.com', 'price': 600, 'year': 2013}, {'domain': 'momobobo.com', 'price': 1595, 'year': 2016}, {'domain': 'anfuxiangce.com', 'price': 995, 'year': 2018}, {'domain': 'binubinu.com', 'price': 1995, 'year': 2018}, {'domain': 'leboutdumonde.com', 'price': 877, 'year': 2013}, {'domain': 'ambigence.com', 'price': 1295, 'year': 2017}]","[100, 25000]",1417
7,OK,blitheringidiot.co.uk,"[{'avg_sold_price': 2395, 'type': 'valuable_keyword', 'keyword': 'ring'}, {'type': 'popular_keyword', 'keyword': 'ring'}, {'sld': 'blitheringidiot', 'type': 'short'}, {'sld': 'blitheringidiot', 'num_of_other_tlds_in_use': 1, 'type': 'extensions_taken'}]","[{'domain': 'babyshowergifts.co.uk', 'price': 599, 'year': 2018}, {'domain': 'kellybluebook.co.uk', 'price': 1500, 'year': 2019}, {'domain': 'ukvisaapplication.co.uk', 'price': 99, 'year': 2019}, {'domain': 'theretailpeople.co.uk', 'price': 2500, 'year': 2015}, {'domain': 'babygiftboxes.co.uk', 'price': 1900, 'year': 2011}, {'domain': 'nevertooold.co.uk', 'price': 599, 'year': 2018}, {'domain': 'harperandlewis.co.uk', 'price': 400, 'year': 2016}, {'domain': 'fragranceforyou.co.uk', 'price': 1000, 'year': 2010}, {'domain': 'giftforher.co.uk', 'price': 699, 'year': 2018}, {'domain': 'fancydressideas.co.uk', 'price': 1200, 'year': 2009}]","[100, 25000]",100
8,OK,busandcoachtechnology.co.uk,"[{'keyword2': 'technology', 'keyword1': 'coach', 'type': 'popular_keywords'}, {'sld': 'busandcoachtechnology', 'type': 'unique'}]","[{'domain': 'candmcarpets.co.uk', 'price': 500, 'year': 2019}, {'domain': 'angelsanddemonstrailer.info', 'price': 5, 'year': 2009}, {'domain': 'slaughterandthedogs.info', 'price': 28, 'year': 2018}, {'domain': 'workfromhomejobs.co.uk', 'price': 4290, 'year': 2011}, {'domain': 'termandlifeinsurance.info', 'price': 25, 'year': 2012}, {'domain': 'termandlifeinsurance.biz', 'price': 10, 'year': 2012}, {'domain': 'jamaicanblackcastoroil.co.uk', 'price': 1000, 'year': 2019}, {'domain': 'freesiainternational.co.uk', 'price': 850, 'year': 2019}, {'domain': 'carhiremalagaairport.co.uk', 'price': 4620, 'year': 2011}, {'domain': 'neckandshoulderpain.com.au', 'price': 600, 'year': 2019}]","[100, 25000]",100
9,OK,businessmeetingacademy.co.uk,"[{'avg_sold_price': 1829, 'type': 'valuable_keyword', 'keyword': 'meeting'}, {'keyword2': 'academy', 'keyword1': 'business', 'type': 'popular_keywords'}]","[{'domain': 'businesscashadvance.co.uk', 'price': 1846, 'year': 2010}, {'domain': 'businesslinkdirectory.info', 'price': 155, 'year': 2012}, {'domain': 'mortgageadvicecentre.co.uk', 'price': 1600, 'year': 2016}, {'domain': 'businessangelcoach.de', 'price': 1011, 'year': 2014}, {'domain': 'searchmarketingagency.co.uk', 'price': 1240, 'year': 2011}, {'domain': 'thecruiseclub.co.uk', 'price': 1140, 'year': 2013}, {'domain': 'itresearchinternational.info', 'price': 10, 'year': 2014}, {'domain': 'spirituallifecoaching.co.uk', 'price': 1412, 'year': 2009}, {'domain': 'secondhandgolfclubs.co.uk', 'price': 3060, 'year': 2015}, {'domain': 'themoneyschool.co.uk', 'price': 1860, 'year': 2012}]","[100, 25000]",100
10,OK,carandvannews.co.uk,"[{'avg_sold_price': 2118, 'type': 'valuable_keyword', 'keyword': 'car'}, {'type': 'popular_keyword', 'keyword': 'and'}, {'sld': 'carandvannews', 'type': 'short'}]","[{'domain': 'candmcarpets.co.uk', 'price': 500, 'year': 2019}, {'domain': 'comparemycarinsure.co.uk', 'price': 3000, 'year': 2019}, {'domain': 'workfromhomejobs.co.uk', 'price': 4290, 'year': 2011}, {'domain': 'homeandgardenmall.co', 'price': 995, 'year': 2013}, {'domain': 'termandlifeinsurance.biz', 'price': 10, 'year': 2012}, {'domain': 'carhiremalagaairport.co.uk', 'price': 4620, 'year': 2011}, {'domain': 'sellmyhousefast.co.uk', 'price': 6360, 'year': 2012}, {'domain': 'angelsanddemonstrailer.info', 'price': 5, 'year': 2009}, {'domain': 'sellyourhomefast.co.uk', 'price': 1216, 'year': 2011}, {'domain': 'homeandgardensupplies.biz', 'price': 995, 'year': 2012}]","[100, 25000]",100
11,OK,coachmakers.co.uk,"[{'type': 'popular_keyword', 'keyword': 'coach'}, {'domain': 'coachmakers.co.uk', 'type': 'memorable'}, {'sld': 'coachmakers', 'type': 'short'}, {'sld': 'coachmakers', 'num_of_other_tlds_in_use': 2, 'type': 'extensions_taken'}]","[{'domain': 'careermakers.co.uk', 'price': 650, 'year': 2019}, {'domain': 'musicmakers.co.uk', 'price': 5302, 'year': 2005}, {'domain': 'brandmakers.de', 'price': 1412, 'year': 2015}, {'domain': 'memorymakers.co.uk', 'price': 1262, 'year': 2011}, {'domain': 'teamcast.co.uk', 'price': 695, 'year': 2019}, {'domain': 'portfoliomanager.co.uk', 'price': 599, 'year': 2018}, {'domain': 'traintracker.co.uk', 'price': 14896, 'year': 2005}, {'domain': 'moneymakers.nl', 'price': 1995, 'year': 2012}, {'domain': 'fitnesssuperstore.co.uk', 'price': 2490, 'year': 2009}, {'domain': 'brandfactory.xyz', 'price': 50, 'year': 2018}]","[100, 25000]",164
12,OK,commercialvehicleengineer-uk.co.uk,"[{'type': 'popular_keyword', 'keyword': 'uk'}, {'sld': 'commercialvehicleengineer-uk', 'type': 'unique'}]","[{'domain': 'bahainews-uk.info', 'price': 175, 'year': 2014}, {'domain': 'smartphone-servicez.biz', 'price': 1500, 'year': 2016}, {'domain': 'ott-alarmsysteme.de', 'price': 2540, 'year': 2012}, {'domain': 'online-autoboerse.de', 'price': 20250, 'year': 2014}, {'domain': 'anac-anac.ca', 'price': 139, 'year': 2013}, {'domain': 'autoankauf-direkt.de', 'price': 1536, 'year': 2013}, {'domain': 'tetsujin-recruit.info', 'price': 28, 'year': 2016}, {'domain': 'soho-w0rk.info', 'price': 60, 'year': 2013}, {'domain': 'biblio-labirint.info', 'price': 20, 'year': 2019}, {'domain': 'suessigkeiten-online.de', 'price': 2850, 'year': 2018}]","[100, 25000]",100
13,OK,compare-all-cameras.co.uk,"[{'avg_sold_price': 2201, 'type': 'valuable_keyword', 'keyword': 'compare'}, {'sld': 'compare-all-cameras', 'type': 'unique'}]","[{'domain': 'compare-motor-insurance.co.uk', 'price': 1256, 'year': 2008}, {'domain': 'cheap-generic-viagra.co.uk', 'price': 11690, 'year': 2009}, {'domain': 'cheap-hotel-rooms.co.uk', 'price': 1000, 'year': 2010}, {'domain': 'online-essay-writer.co.uk', 'price': 20, 'year': 2019}, {'domain': 'under-water-camera.info', 'price': 10, 'year': 2009}, {'domain': 'online-free-movies.us', 'price': 30, 'year': 2013}, {'domain': 'compare-the-market.info', 'price': 28, 'year': 2017}, {'domain': 'free-download-movies.info', 'price': 15, 'year': 2011}, {'domain': 'free-live-streaming.info', 'price': 28, 'year': 2017}, {'domain': 'private-medical-insurance.co.uk', 'price': 1177, 'year': 2012}]","[100, 25000]",100
14,OK,compare-all-insurance.co.uk,"[{'keyword1_avg_sold_price': 2201, 'keyword1': 'compare', 'keyword2_avg_sold_price': 2110, 'keyword2': 'insurance', 'type': 'valuable_keywords'}, {'type': 'popular_keyword', 'keyword': 'all'}]","[{'domain': 'compare-motor-insurance.co.uk', 'price': 1256, 'year': 2008}, {'domain': 'private-medical-insurance.co.uk', 'price': 1177, 'year': 2012}, {'domain': 'cheap-travel-insurance.com.au', 'price': 4801, 'year': 2011}, {'domain': 'cheap-online-pharmacy.info', 'price': 10, 'year': 2009}, {'domain': 'cheap-generic-viagra.co.uk', 'price': 11690, 'year': 2009}, {'domain': 'database-special-news.info', 'price': 10, 'year': 2011}, {'domain': 'new-car-insurance.us', 'price': 30, 'year': 2015}, {'domain': 'compare-the-market.info', 'price': 28, 'year': 2017}, {'domain': 'easy-insurance-quotes.info', 'price': 10, 'year': 2010}, {'domain': 'cheapest-flights-ticket.info', 'price': 10, 'year': 2011}]","[100, 25000]",100
15,OK,compareallcameras.co.uk,"[{'avg_sold_price': 2201, 'type': 'valuable_keyword', 'keyword': 'compare'}, {'sld': 'compareallcameras', 'type': 'unique'}]","[{'domain': 'cheapallinclusive.co.uk', 'price': 1617, 'year': 2008}, {'domain': 'comparemobilephones.co.uk', 'price': 13410, 'year': 2009}, {'domain': 'comparelifeinsurance.co.uk', 'price': 7000, 'year': 2011}, {'domain': 'bestdigitalcameras.info', 'price': 15, 'year': 2010}, {'domain': 'comparemyinsure.co.uk', 'price': 3000, 'year': 2019}, {'domain': 'comparelifeinsurance.biz', 'price': 10, 'year': 2014}, {'domain': 'comparetravelinsurance.co.uk', 'price': 12371, 'year': 2010}, {'domain': 'cheaplifecover.co.uk', 'price': 1260, 'year': 2014}, {'domain': 'contractmobilephones.co.uk', 'price': 1846, 'year': 2009}, {'domain': 'bestwebhosting.co.uk', 'price': 5000, 'year': 2014}]","[100, 25000]",100
16,OK,compareallcars.co.uk,"[{'avg_sold_price': 2201, 'type': 'valuable_keyword', 'keyword': 'compare'}, {'type': 'popular_keyword', 'keyword': 'all'}, {'sld': 'compareallcars', 'type': 'short'}]","[{'domain': 'cheapallinclusive.co.uk', 'price': 1617, 'year': 2008}, {'domain': 'uksportscars.co.uk', 'price': 2934, 'year': 2011}, {'domain': 'comparemobilephones.co.uk', 'price': 13410, 'year': 2009}, {'domain': 'comparemyinsure.co.uk', 'price': 3000, 'year': 2019}, {'domain': 'classicweddingcars.co.uk', 'price': 1550, 'year': 2013}, {'domain': 'comparelifeinsurance.co.uk', 'price': 7000, 'year': 2011}, {'domain': 'superiorusedcars.biz', 'price': 100, 'year': 2016}, {'domain': 'comparetheprice.co.uk', 'price': 4450, 'year': 2008}, {'domain': 'sellbuytrade.co.uk', 'price': 20, 'year': 2018}, {'domain': 'comparetravelinsurance.co.uk', 'price': 12371, 'year': 2010}]","[100, 25000]",100
17,OK,compareallvans.co.uk,"[{'avg_sold_price': 2201, 'type': 'valuable_keyword', 'keyword': 'compare'}, {'sld': 'compareallvans', 'type': 'short'}]","[{'domain': 'cheapallinclusive.co.uk', 'price': 1617, 'year': 2008}, {'domain': 'comparemyinsure.co.uk', 'price': 3000, 'year': 2019}, {'domain': 'comparelifeinsurance.co.uk', 'price': 7000, 'year': 2011}, {'domain': 'comparemobilephones.co.uk', 'price': 13410, 'year': 2009}, {'domain': 'cheaplifecover.co.uk', 'price': 1260, 'year': 2014}, {'domain': 'comparetheprice.co.uk', 'price': 4450, 'year': 2008}, {'domain': 'comparetravelinsurance.co.uk', 'price': 12371, 'year': 2010}, {'domain': 'uksportscars.co.uk', 'price': 2934, 'year': 2011}, {'domain': 'comparelifeinsurance.biz', 'price': 10, 'year': 2014}, {'domain': 'besttvaccessories.info', 'price': 20, 'year': 2013}]","[100, 25000]",100
18,OK,cvengineer.com,"[{'type': 'great_extension'}, {'sld': 'cvengineer', 'type': 'short'}]","[{'domain': 'cedengineer.com', 'price': 1895, 'year': 2018}, {'domain': 'cvconsultants.com', 'price': 1300, 'year': 2009}, {'domain': 'cvlab.com', 'price': 1500, 'year': 2015}, {'domain': 'cvreview.com', 'price': 1500, 'year': 2019}, {'domain': 'cvskills.com', 'price': 370, 'year': 2015}, {'domain': 'ccsengineering.com', 'price': 2288, 'year': 2019}, {'domain': 'apexengineer.com', 'price': 500, 'year': 2014}, {'domain': 'cvnetwork.com', 'price': 2475, 'year': 2009}, {'domain': 'cvdatabase.com', 'price': 388, 'year': 2005}, {'domain': 'talentengineer.com', 'price': 2595, 'year': 2018}]","[100, 25000]",1940
19,OK,financemediadigest.co.uk,"[{'keyword1_avg_sold_price': 2188, 'keyword1': 'finance', 'keyword2_avg_sold_price': 1872, 'type': 'valuable_keywords', 'keyword2': 'media'}, {'keyword2': 'finance', 'keyword1': 'media', 'type': 'popular_keywords'}]","[{'domain': 'searchmarketingagency.co.uk', 'price': 1240, 'year': 2011}, {'domain': 'foreignmediagroup.de', 'price': 1300, 'year': 2010}, {'domain': 'thepodcastdigest.info', 'price': 22, 'year': 2019}, {'domain': 'londontheatreguide.co.uk', 'price': 2500, 'year': 2014}, {'domain': 'theweathernetwork.co.uk', 'price': 3125, 'year': 2012}, {'domain': 'mobilemarketingagency.co.uk', 'price': 1458, 'year': 2011}, {'domain': 'independentfinancialadviser.co.uk', 'price': 15561, 'year': 2010}, {'domain': 'searchmarketingexpo.ca', 'price': 76, 'year': 2015}, {'domain': 'thebusinessindex.co.uk', 'price': 1600, 'year': 2013}, {'domain': 'ukpropertyguide.co.uk', 'price': 1147, 'year': 2013}]","[100, 25000]",100
20,OK,immediatenetwork.co.uk,"[{'type': 'popular_keyword', 'keyword': 'network'}, {'domain': 'immediatenetwork.co.uk', 'type': 'memorable'}]","[{'domain': 'highnetwork.co.uk', 'price': 188, 'year': 2019}, {'domain': 'creativenetwork.co.uk', 'price': 1788, 'year': 2011}, {'domain': 'businessnetwork.co.uk', 'price': 25000, 'year': 2008}, {'domain': 'progressivemedia.co.uk', 'price': 4496, 'year': 2007}, {'domain': 'autonetwork.co.uk', 'price': 1000, 'year': 2013}, {'domain': 'weathernetwork.co.uk', 'price': 1599, 'year': 2012}, {'domain': 'claritysystems.co.uk', 'price': 97, 'year': 2019}, {'domain': 'firstadvantage.co.uk', 'price': 1272, 'year': 2011}, {'domain': 'medicaldirectory.co.uk', 'price': 1000, 'year': 2015}, {'domain': 'securenet.co.uk', 'price': 4800, 'year': 2011}]","[100, 25000]",119
21,OK,immediatenetworks.co.uk,"[{'domain': 'immediatenetworks.co.uk', 'type': 'memorable'}, {'sld': 'immediatenetworks', 'type': 'unique'}]","[{'domain': 'menswatchs.info', 'price': 30, 'year': 2013}, {'domain': 'bestbroadbanddeals.co.uk', 'price': 2176, 'year': 2011}, {'domain': 'comparetheprice.co.uk', 'price': 4450, 'year': 2008}, {'domain': 'firstaidsupplies.co.uk', 'price': 1711, 'year': 2011}, {'domain': 'breastactivess.info', 'price': 28, 'year': 2016}, {'domain': 'bestwebhosting.co.uk', 'price': 5000, 'year': 2014}, {'domain': 'lymphocytes.info', 'price': 24, 'year': 2012}, {'domain': 'point4jobs.co.uk', 'price': 1630, 'year': 2010}, {'domain': 'startwebdesign.co.uk', 'price': 55, 'year': 2018}, {'domain': 'linkdirectorysite.info', 'price': 40, 'year': 2012}]","[100, 25000]",100
22,OK,inl.uk,"[{'sld': 'inl', 'type': 'short'}, {'sld': 'inl', 'num_of_other_tlds_in_use': 25, 'type': 'extensions_taken'}]","[{'domain': 'ohl.club', 'price': 99, 'year': 2015}, {'domain': 'inm.co', 'price': 100, 'year': 2011}, {'domain': 'outl.et', 'price': 1500, 'year': 2015}, {'domain': 'inh.club', 'price': 99, 'year': 2015}, {'domain': 'ofl.club', 'price': 99, 'year': 2015}, {'domain': 'osl.tech', 'price': 195, 'year': 2017}, {'domain': 'iny.info', 'price': 76, 'year': 2014}, {'domain': 'upl.club', 'price': 99, 'year': 2015}, {'domain': 'inz.club', 'price': 99, 'year': 2015}, {'domain': 'inj.us', 'price': 20, 'year': 2005}]","[100, 25000]",100
23,OK,inlcoaching.com,"[{'type': 'popular_keyword', 'keyword': 'in'}, {'type': 'great_extension'}, {'sld': 'inlcoaching', 'type': 'short'}]","[{'domain': 'intrmedia.com', 'price': 488, 'year': 2014}, {'domain': 'inshapefitness.com', 'price': 1000, 'year': 2019}, {'domain': 'inoventures.com', 'price': 1095, 'year': 2014}, {'domain': 'infinitfitness.com', 'price': 2395, 'year': 2018}, {'domain': 'intechstaffing.com', 'price': 1299, 'year': 2019}, {'domain': 'inappmarketing.com', 'price': 1977, 'year': 2016}, {'domain': 'perlworkshop.com', 'price': 516, 'year': 2009}, {'domain': 'revlcapital.com', 'price': 850, 'year': 2015}, {'domain': 'indexperts.com', 'price': 2895, 'year': 2018}, {'domain': 'infassets.com', 'price': 677, 'year': 2019}]","[100, 25000]",1372
24,OK,inlserver.com,"[{'type': 'popular_keyword', 'keyword': 'in'}, {'type': 'great_extension'}, {'sld': 'inlserver', 'type': 'short'}]","[{'domain': 'infassets.com', 'price': 677, 'year': 2019}, {'domain': 'infaccess.com', 'price': 252, 'year': 2017}, {'domain': 'insiteapp.com', 'price': 1088, 'year': 2018}, {'domain': 'infaaws.com', 'price': 799, 'year': 2017}, {'domain': 'inficloud.com', 'price': 2700, 'year': 2017}, {'domain': 'perlhosts.com', 'price': 135, 'year': 2011}, {'domain': 'intrmedia.com', 'price': 488, 'year': 2014}, {'domain': 'inxsemail.com', 'price': 40, 'year': 2012}, {'domain': 'intextads.com', 'price': 650, 'year': 2009}, {'domain': 'indexperts.com', 'price': 2895, 'year': 2018}]","[100, 25000]",1164
25,OK,iybltd.com,"[{'type': 'great_extension'}, {'sld': 'iybltd', 'type': 'short'}]","[{'domain': 'actltd.com', 'price': 4695, 'year': 2019}, {'domain': 'esgltd.com', 'price': 4288, 'year': 2018}, {'domain': 'ewsltd.com', 'price': 4488, 'year': 2017}, {'domain': 'epsltd.com', 'price': 500, 'year': 2016}, {'domain': 'udgltd.com', 'price': 688, 'year': 2016}, {'domain': 'atpltd.com', 'price': 2095, 'year': 2016}, {'domain': 'amsltd.com', 'price': 1888, 'year': 2013}, {'domain': 'gcbltd.com', 'price': 5288, 'year': 2014}, {'domain': 'efsltd.com', 'price': 888, 'year': 2012}, {'domain': 'ursltd.com', 'price': 688, 'year': 2010}]","[100, 25000]",100
26,OK,livinginavon.co.uk,"[{'avg_sold_price': 2670, 'type': 'valuable_keyword', 'keyword': 'avon'}, {'type': 'popular_keyword', 'keyword': 'in'}, {'sld': 'livinginavon', 'type': 'short'}]","[{'domain': 'madeindevon.co.uk', 'price': 1200, 'year': 2015}, {'domain': 'jobsinyork.co.uk', 'price': 2325, 'year': 2012}, {'domain': 'madeinchina.co.uk', 'price': 1280, 'year': 2012}, {'domain': 'madeingreatbritain.co.uk', 'price': 3132, 'year': 2012}, {'domain': 'hotelinlondon.co.uk', 'price': 1376, 'year': 2011}, {'domain': 'jobsincardiff.co.uk', 'price': 1590, 'year': 2011}, {'domain': 'jobsincheltenham.co.uk', 'price': 1225, 'year': 2011}, {'domain': 'gigsinscotland.co.uk', 'price': 2145, 'year': 2009}, {'domain': 'jobsinmiddlesbrough.co.uk', 'price': 1560, 'year': 2012}, {'domain': 'jobsinmanchester.co.uk', 'price': 1992, 'year': 2011}]","[100, 25000]",100
27,OK,livinginbelfast.co.uk,"[{'type': 'popular_keyword', 'keyword': 'in'}, {'sld': 'livinginbelfast', 'type': 'short'}]","[{'domain': 'hotelinlondon.co.uk', 'price': 1376, 'year': 2011}, {'domain': 'madeindevon.co.uk', 'price': 1200, 'year': 2015}, {'domain': 'jobsinleicester.co.uk', 'price': 2713, 'year': 2012}, {'domain': 'jobsincardiff.co.uk', 'price': 1590, 'year': 2011}, {'domain': 'madeingreatbritain.co.uk', 'price': 3132, 'year': 2012}, {'domain': 'jobsinmanchester.co.uk', 'price': 1992, 'year': 2011}, {'domain': 'jobsincheltenham.co.uk', 'price': 1225, 'year': 2011}, {'domain': 'jobsinyorkshire.co.uk', 'price': 1570, 'year': 2012}, {'domain': 'gigsinscotland.co.uk', 'price': 2145, 'year': 2009}, {'domain': 'jobsinmiddlesbrough.co.uk', 'price': 1560, 'year': 2012}]","[100, 25000]",100
28,OK,livinginbuckinghamshire.co.uk,"[{'type': 'popular_keyword', 'keyword': 'in'}, {'sld': 'livinginbuckinghamshire', 'type': 'unique'}]","[{'domain': 'madeingreatbritain.co.uk', 'price': 3132, 'year': 2012}, {'domain': 'jobsinmiddlesbrough.co.uk', 'price': 1560, 'year': 2012}, {'domain': 'jobsinmanchester.co.uk', 'price': 1992, 'year': 2011}, {'domain': 'jobsinleicester.co.uk', 'price': 2713, 'year': 2012}, {'domain': 'madeindevon.co.uk', 'price': 1200, 'year': 2015}, {'domain': 'hotelinlondon.co.uk', 'price': 1376, 'year': 2011}, {'domain': 'jobsincardiff.co.uk', 'price': 1590, 'year': 2011}, {'domain': 'jobsincheltenham.co.uk', 'price': 1225, 'year': 2011}, {'domain': 'gigsinscotland.co.uk', 'price': 2145, 'year': 2009}, {'domain': 'jobsinyorkshire.co.uk', 'price': 1570, 'year': 2012}]","[100, 25000]",100
29,OK,livingincleveland.co.uk,"[{'type': 'popular_keyword', 'keyword': 'in'}, {'sld': 'livingincleveland', 'num_of_other_tlds_in_use': 1, 'type': 'extensions_taken'}]","[{'domain': 'madeingreatbritain.co.uk', 'price': 3132, 'year': 2012}, {'domain': 'hotelsinneworleans.info', 'price': 50, 'year': 2008}, {'domain': 'hotelinlondon.co.uk', 'price': 1376, 'year': 2011}, {'domain': 'jobsinmanchester.co.uk', 'price': 1992, 'year': 2011}, {'domain': 'madeindevon.co.uk', 'price': 1200, 'year': 2015}, {'domain': 'madeinchina.co.uk', 'price': 1280, 'year': 2012}, {'domain': 'jobsinleicester.co.uk', 'price': 2713, 'year': 2012}, {'domain': 'jobsincheltenham.co.uk', 'price': 1225, 'year': 2011}, {'domain': 'jobsinmiddlesbrough.co.uk', 'price': 1560, 'year': 2012}, {'domain': 'jobsincardiff.co.uk', 'price': 1590, 'year': 2011}]","[100, 25000]",100
30,OK,livingindev.co.uk,"[{'type': 'popular_keyword', 'keyword': 'in'}, {'sld': 'livingindev', 'type': 'short'}]","[{'domain': 'madeinchina.co.uk', 'price': 1280, 'year': 2012}, {'domain': 'madeindevon.co.uk', 'price': 1200, 'year': 2015}, {'domain': 'jobsinyork.co.uk', 'price': 2325, 'year': 2012}, {'domain': 'madeingreatbritain.co.uk', 'price': 3132, 'year': 2012}, {'domain': 'hotelinlondon.co.uk', 'price': 1376, 'year': 2011}, {'domain': 'jobsincardiff.co.uk', 'price': 1590, 'year': 2011}, {'domain': 'madeinindia.biz', 'price': 777, 'year': 2015}, {'domain': 'jobsinteesside.co.uk', 'price': 1570, 'year': 2012}, {'domain': 'usainbolt.info', 'price': 32, 'year': 2012}, {'domain': 'madeinusa.co', 'price': 2000, 'year': 2012}]","[100, 25000]",100
31,OK,livingineastanglia.co.uk,"[{'keyword2': 'east', 'keyword1': 'living', 'type': 'popular_keywords'}, {'sld': 'livingineastanglia', 'type': 'unique'}]","[{'domain': 'workfromhomejobs.co.uk', 'price': 4290, 'year': 2011}, {'domain': 'thingstodoinlondon.co.uk', 'price': 3600, 'year': 2011}, {'domain': 'universityofnorthtexas.xxx', 'price': 1000, 'year': 2011}, {'domain': 'vakantieinzuidafrika.nl', 'price': 1461, 'year': 2008}, {'domain': 'estateagentsinlondon.co.uk', 'price': 1200, 'year': 2012}, {'domain': 'jeinnylizarazo.tv', 'price': 100, 'year': 2015}, {'domain': 'churchinyourpjs.tv', 'price': 280, 'year': 2013}, {'domain': 'sellmyhousefast.co.uk', 'price': 6360, 'year': 2012}, {'domain': 'cominhomesong.us', 'price': 10, 'year': 2014}, {'domain': 'outofthisworld.co.uk', 'price': 3200, 'year': 2012}]","[100, 25000]",100
32,OK,livinginessex.co.uk,"[{'type': 'popular_keyword', 'keyword': 'in'}, {'sld': 'livinginessex', 'type': 'short'}]","[{'domain': 'madeindevon.co.uk', 'price': 1200, 'year': 2015}, {'domain': 'hotelinlondon.co.uk', 'price': 1376, 'year': 2011}, {'domain': 'jobsincardiff.co.uk', 'price': 1590, 'year': 2011}, {'domain': 'jobsinleicester.co.uk', 'price': 2713, 'year': 2012}, {'domain': 'madeingreatbritain.co.uk', 'price': 3132, 'year': 2012}, {'domain': 'jobsinmanchester.co.uk', 'price': 1992, 'year': 2011}, {'domain': 'jobsinyorkshire.co.uk', 'price': 1570, 'year': 2012}, {'domain': 'jobsincheltenham.co.uk', 'price': 1225, 'year': 2011}, {'domain': 'gigsinscotland.co.uk', 'price': 2145, 'year': 2009}, {'domain': 'madeinchina.co.uk', 'price': 1280, 'year': 2012}]","[100, 25000]",100
33,OK,livinginhampshire.co.uk,"[{'type': 'popular_keyword', 'keyword': 'in'}, {'sld': 'livinginhampshire', 'type': 'unique'}]","[{'domain': 'madeindevon.co.uk', 'price': 1200, 'year': 2015}, {'domain': 'jobsincheltenham.co.uk', 'price': 1225, 'year': 2011}, {'domain': 'madeingreatbritain.co.uk', 'price': 3132, 'year': 2012}, {'domain': 'jobsinyorkshire.co.uk', 'price': 1570, 'year': 2012}, {'domain': 'jobsinmanchester.co.uk', 'price': 1992, 'year': 2011}, {'domain': 'hotelinlondon.co.uk', 'price': 1376, 'year': 2011}, {'domain': 'jobsinleicester.co.uk', 'price': 2713, 'year': 2012}, {'domain': 'jobsincardiff.co.uk', 'price': 1590, 'year': 2011}, {'domain': 'jobsinmiddlesbrough.co.uk', 'price': 1560, 'year': 2012}, {'domain': 'gigsinscotland.co.uk', 'price': 2145, 'year': 2009}]","[100, 25000]",100
34,OK,livinginherts.co.uk,"[{'type': 'popular_keyword', 'keyword': 'in'}, {'sld': 'livinginherts', 'type': 'short'}]","[{'domain': 'madeindevon.co.uk', 'price': 1200, 'year': 2015}, {'domain': 'hotelinlondon.co.uk', 'price': 1376, 'year': 2011}, {'domain': 'madeingreatbritain.co.uk', 'price': 3132, 'year': 2012}, {'domain': 'jobsinyorkshire.co.uk', 'price': 1570, 'year': 2012}, {'domain': 'jobsincardiff.co.uk', 'price': 1590, 'year': 2011}, {'domain': 'jobsinmanchester.co.uk', 'price': 1992, 'year': 2011}, {'domain': 'jobsinleicester.co.uk', 'price': 2713, 'year': 2012}, {'domain': 'jobsincheltenham.co.uk', 'price': 1225, 'year': 2011}, {'domain': 'gigsinscotland.co.uk', 'price': 2145, 'year': 2009}, {'domain': 'jobsinyork.co.uk', 'price': 2325, 'year': 2012}]","[100, 25000]",100
35,OK,livinginisleofman.co.uk,"[{'keyword2': 'living', 'keyword1': 'isle of man', 'type': 'popular_keywords'}, {'sld': 'livinginisleofman', 'type': 'unique'}]","[{'domain': 'madeingreatbritain.co.uk', 'price': 3132, 'year': 2012}, {'domain': 'madeindevon.co.uk', 'price': 1200, 'year': 2015}, {'domain': 'gigsinscotland.co.uk', 'price': 2145, 'year': 2009}, {'domain': 'hotelinlondon.co.uk', 'price': 1376, 'year': 2011}, {'domain': 'jobsinyorkshire.co.uk', 'price': 1570, 'year': 2012}, {'domain': 'madeinchina.co.uk', 'price': 1280, 'year': 2012}, {'domain': 'jobsinmanchester.co.uk', 'price': 1992, 'year': 2011}, {'domain': 'jobsincheltenham.co.uk', 'price': 1225, 'year': 2011}, {'domain': 'jobsinleicester.co.uk', 'price': 2713, 'year': 2012}, {'domain': 'jobsinmiddlesbrough.co.uk', 'price': 1560, 'year': 2012}]","[100, 25000]",100
36,OK,livinginlanarkshire.co.uk,"[{'type': 'popular_keyword', 'keyword': 'in'}, {'sld': 'livinginlanarkshire', 'type': 'unique'}]","[{'domain': 'madeingreatbritain.co.uk', 'price': 3132, 'year': 2012}, {'domain': 'madeindevon.co.uk', 'price': 1200, 'year': 2015}, {'domain': 'jobsinmiddlesbrough.co.uk', 'price': 1560, 'year': 2012}, {'domain': 'hotelinlondon.co.uk', 'price': 1376, 'year': 2011}, {'domain': 'jobsincheltenham.co.uk', 'price': 1225, 'year': 2011}, {'domain': 'jobsinmanchester.co.uk', 'price': 1992, 'year': 2011}, {'domain': 'jobsinyorkshire.co.uk', 'price': 1570, 'year': 2012}, {'domain': 'jobsinleicester.co.uk', 'price': 2713, 'year': 2012}, {'domain': 'jobsincardiff.co.uk', 'price': 1590, 'year': 2011}, {'domain': 'gigsinscotland.co.uk', 'price': 2145, 'year': 2009}]","[100, 25000]",100
37,OK,livinginlothian.co.uk,"[{'type': 'popular_keyword', 'keyword': 'in'}, {'sld': 'livinginlothian', 'type': 'short'}]","[{'domain': 'madeindevon.co.uk', 'price': 1200, 'year': 2015}, {'domain': 'madeingreatbritain.co.uk', 'price': 3132, 'year': 2012}, {'domain': 'gigsinscotland.co.uk', 'price': 2145, 'year': 2009}, {'domain': 'jobsinyorkshire.co.uk', 'price': 1570, 'year': 2012}, {'domain': 'hotelinlondon.co.uk', 'price': 1376, 'year': 2011}, {'domain': 'jobsincardiff.co.uk', 'price': 1590, 'year': 2011}, {'domain': 'jobsinmiddlesbrough.co.uk', 'price': 1560, 'year': 2012}, {'domain': 'jobsinleicester.co.uk', 'price': 2713, 'year': 2012}, {'domain': 'jobsincheltenham.co.uk', 'price': 1225, 'year': 2011}, {'domain': 'madeinchina.co.uk', 'price': 1280, 'year': 2012}]","[100, 25000]",100
38,OK,livinginnorfolk.co.uk,"[{'type': 'popular_keyword', 'keyword': 'in'}, {'sld': 'livinginnorfolk', 'type': 'short'}]","[{'domain': 'madeindevon.co.uk', 'price': 1200, 'year': 2015}, {'domain': 'madeingreatbritain.co.uk', 'price': 3132, 'year': 2012}, {'domain': 'hotelinlondon.co.uk', 'price': 1376, 'year': 2011}, {'domain': 'jobsinyorkshire.co.uk', 'price': 1570, 'year': 2012}, {'domain': 'jobsinmanchester.co.uk', 'price': 1992, 'year': 2011}, {'domain': 'jobsinleicester.co.uk', 'price': 2713, 'year': 2012}, {'domain': 'jobsincardiff.co.uk', 'price': 1590, 'year': 2011}, {'domain': 'jobsincheltenham.co.uk', 'price': 1225, 'year': 2011}, {'domain': 'gigsinscotland.co.uk', 'price': 2145, 'year': 2009}, {'domain': 'jobsinmiddlesbrough.co.uk', 'price': 1560, 'year': 2012}]","[100, 25000]",100
39,OK,livinginnorthumberland.co.uk,"[{'type': 'popular_keyword', 'keyword': 'in'}, {'sld': 'livinginnorthumberland', 'type': 'unique'}]","[{'domain': 'madeingreatbritain.co.uk', 'price': 3132, 'year': 2012}, {'domain': 'madeindevon.co.uk', 'price': 1200, 'year': 2015}, {'domain': 'jobsinyorkshire.co.uk', 'price': 1570, 'year': 2012}, {'domain': 'gigsinscotland.co.uk', 'price': 2145, 'year': 2009}, {'domain': 'jobsinleicester.co.uk', 'price': 2713, 'year': 2012}, {'domain': 'jobsincheltenham.co.uk', 'price': 1225, 'year': 2011}, {'domain': 'jobsinmanchester.co.uk', 'price': 1992, 'year': 2011}, {'domain': 'jobsincardiff.co.uk', 'price': 1590, 'year': 2011}, {'domain': 'hotelinlondon.co.uk', 'price': 1376, 'year': 2011}, {'domain': 'jobsinmiddlesbrough.co.uk', 'price': 1560, 'year': 2012}]","[100, 25000]",100
40,OK,livinginoxfordshire.co.uk,"[{'type': 'popular_keyword', 'keyword': 'in'}, {'sld': 'livinginoxfordshire', 'type': 'unique'}]","[{'domain': 'madeindevon.co.uk', 'price': 1200, 'year': 2015}, {'domain': 'madeingreatbritain.co.uk', 'price': 3132, 'year': 2012}, {'domain': 'jobsinyorkshire.co.uk', 'price': 1570, 'year': 2012}, {'domain': 'jobsinleicester.co.uk', 'price': 2713, 'year': 2012}, {'domain': 'hotelinlondon.co.uk', 'price': 1376, 'year': 2011}, {'domain': 'jobsinmanchester.co.uk', 'price': 1992, 'year': 2011}, {'domain': 'jobsincheltenham.co.uk', 'price': 1225, 'year': 2011}, {'domain': 'jobsincardiff.co.uk', 'price': 1590, 'year': 2011}, {'domain': 'gigsinscotland.co.uk', 'price': 2145, 'year': 2009}, {'domain': 'jobsinmiddlesbrough.co.uk', 'price': 1560, 'year': 2012}]","[100, 25000]",100
41,OK,livinginsidethem25.co.uk,"[{'keyword1_avg_sold_price': 4215, 'keyword1': 'them', 'keyword2_avg_sold_price': 1873, 'type': 'valuable_keywords', 'keyword2': 'inside'}, {'type': 'popular_keyword', 'keyword': 'living'}]","[{'domain': 'motherofthebrideoutfits.co.uk', 'price': 5696, 'year': 2011}, {'domain': 'theonestopphoneshop.co.uk', 'price': 1708, 'year': 2006}, {'domain': 'debentures.co.uk', 'price': 1154, 'year': 2015}, {'domain': 'daemmstein.de', 'price': 1820, 'year': 2009}, {'domain': 'whatismyipaddress.in', 'price': 125, 'year': 2011}, {'domain': 'whatismyipaddress.asia', 'price': 60, 'year': 2011}, {'domain': 'whatismyipaddress.cc', 'price': 200, 'year': 2011}, {'domain': 'devereluxurylodges.co.uk', 'price': 250, 'year': 2016}, {'domain': 'whatdoesmynamemean.info', 'price': 19, 'year': 2011}, {'domain': 'spmm51.info', 'price': 20, 'year': 2015}]","[100, 25000]",100
42,OK,livinginsuffolk.co.uk,"[{'type': 'popular_keyword', 'keyword': 'in'}, {'sld': 'livinginsuffolk', 'type': 'short'}]","[{'domain': 'madeindevon.co.uk', 'price': 1200, 'year': 2015}, {'domain': 'madeingreatbritain.co.uk', 'price': 3132, 'year': 2012}, {'domain': 'hotelinlondon.co.uk', 'price': 1376, 'year': 2011}, {'domain': 'jobsinmanchester.co.uk', 'price': 1992, 'year': 2011}, {'domain': 'jobsinleicester.co.uk', 'price': 2713, 'year': 2012}, {'domain': 'jobsinyorkshire.co.uk', 'price': 1570, 'year': 2012}, {'domain': 'jobsincardiff.co.uk', 'price': 1590, 'year': 2011}, {'domain': 'jobsincheltenham.co.uk', 'price': 1225, 'year': 2011}, {'domain': 'gigsinscotland.co.uk', 'price': 2145, 'year': 2009}, {'domain': 'jobsinyork.co.uk', 'price': 2325, 'year': 2012}]","[100, 25000]",100
43,OK,livinginteesside.co.uk,"[{'type': 'popular_keyword', 'keyword': 'in'}, {'sld': 'livinginteesside', 'type': 'unique'}]","[{'domain': 'jobsinteesside.co.uk', 'price': 1570, 'year': 2012}, {'domain': 'madeingreatbritain.co.uk', 'price': 3132, 'year': 2012}, {'domain': 'jobsinmanchester.co.uk', 'price': 1992, 'year': 2011}, {'domain': 'madeindevon.co.uk', 'price': 1200, 'year': 2015}, {'domain': 'jobsincardiff.co.uk', 'price': 1590, 'year': 2011}, {'domain': 'jobsinleicester.co.uk', 'price': 2713, 'year': 2012}, {'domain': 'hotelinlondon.co.uk', 'price': 1376, 'year': 2011}, {'domain': 'gigsinscotland.co.uk', 'price': 2145, 'year': 2009}, {'domain': 'madeinchina.co.uk', 'price': 1280, 'year': 2012}, {'domain': 'jobsinmiddlesbrough.co.uk', 'price': 1560, 'year': 2012}]","[100, 25000]",100
44,OK,livinginthehomecounties.co.uk,"[{'keyword2': 'living', 'keyword1': 'in the', 'type': 'popular_keywords'}, {'sld': 'livinginthehomecounties', 'type': 'unique'}]","[{'domain': 'madeintheuk.co.uk', 'price': 1582, 'year': 2012}, {'domain': 'madeingreatbritain.co.uk', 'price': 3132, 'year': 2012}, {'domain': 'lifeinsurancecompare.co.uk', 'price': 3400, 'year': 2018}, {'domain': 'simplythebest.de', 'price': 6250, 'year': 2014}, {'domain': 'homeandaway.co.uk', 'price': 17270, 'year': 2012}, {'domain': 'visittheusa.co.uk', 'price': 3850, 'year': 2015}, {'domain': 'comparetheprice.co.uk', 'price': 4450, 'year': 2008}, {'domain': 'madeindevon.co.uk', 'price': 1200, 'year': 2015}, {'domain': 'jobsinyorkshire.co.uk', 'price': 1570, 'year': 2012}, {'domain': 'jobsinmiddlesbrough.co.uk', 'price': 1560, 'year': 2012}]","[100, 25000]",100
45,OK,livingintyneandwear.co.uk,"[{'keyword2': 'tyne and wear', 'keyword1': 'living', 'type': 'popular_keywords'}, {'sld': 'livingintyneandwear', 'type': 'unique'}]","[{'domain': 'madeingreatbritain.co.uk', 'price': 3132, 'year': 2012}, {'domain': 'madeindevon.co.uk', 'price': 1200, 'year': 2015}, {'domain': 'hotelinlondon.co.uk', 'price': 1376, 'year': 2011}, {'domain': 'madeinchina.co.uk', 'price': 1280, 'year': 2012}, {'domain': 'gigsinscotland.co.uk', 'price': 2145, 'year': 2009}, {'domain': 'jobsinteesside.co.uk', 'price': 1570, 'year': 2012}, {'domain': 'jobsinyorkshire.co.uk', 'price': 1570, 'year': 2012}, {'domain': 'jobsinmanchester.co.uk', 'price': 1992, 'year': 2011}, {'domain': 'jobsinmiddlesbrough.co.uk', 'price': 1560, 'year': 2012}, {'domain': 'jobsincheltenham.co.uk', 'price': 1225, 'year': 2011}]","[100, 25000]",100
46,OK,livinginwestmorland.co.uk,"[{'type': 'popular_keyword', 'keyword': 'in'}, {'sld': 'livinginwestmorland', 'type': 'unique'}]","[{'domain': 'madeingreatbritain.co.uk', 'price': 3132, 'year': 2012}, {'domain': 'jobsinmiddlesbrough.co.uk', 'price': 1560, 'year': 2012}, {'domain': 'madeinchina.co.uk', 'price': 1280, 'year': 2012}, {'domain': 'madeindevon.co.uk', 'price': 1200, 'year': 2015}, {'domain': 'jobsinteesside.co.uk', 'price': 1570, 'year': 2012}, {'domain': 'jobsincheltenham.co.uk', 'price': 1225, 'year': 2011}, {'domain': 'gigsinscotland.co.uk', 'price': 2145, 'year': 2009}, {'domain': 'jobsincardiff.co.uk', 'price': 1590, 'year': 2011}, {'domain': 'hotelinlondon.co.uk', 'price': 1376, 'year': 2011}, {'domain': 'jobsinmanchester.co.uk', 'price': 1992, 'year': 2011}]","[100, 25000]",100
47,OK,livinginworcestershire.co.uk,"[{'type': 'popular_keyword', 'keyword': 'in'}, {'sld': 'livinginworcestershire', 'type': 'unique'}]","[{'domain': 'madeingreatbritain.co.uk', 'price': 3132, 'year': 2012}, {'domain': 'madeindevon.co.uk', 'price': 1200, 'year': 2015}, {'domain': 'jobsinyorkshire.co.uk', 'price': 1570, 'year': 2012}, {'domain': 'hotelinlondon.co.uk', 'price': 1376, 'year': 2011}, {'domain': 'jobsinleicester.co.uk', 'price': 2713, 'year': 2012}, {'domain': 'jobsinmanchester.co.uk', 'price': 1992, 'year': 2011}, {'domain': 'jobsinmiddlesbrough.co.uk', 'price': 1560, 'year': 2012}, {'domain': 'jobsincardiff.co.uk', 'price': 1590, 'year': 2011}, {'domain': 'jobsincheltenham.co.uk', 'price': 1225, 'year': 2011}, {'domain': 'gigsinscotland.co.uk', 'price': 2145, 'year': 2009}]","[100, 25000]",100
48,OK,livingonthewirral.co.uk,"[{'keyword2': 'living', 'keyword1': 'on the', 'type': 'popular_keywords'}, {'sld': 'livingonthewirral', 'type': 'unique'}]","[{'domain': 'madeintheuk.co.uk', 'price': 1582, 'year': 2012}, {'domain': 'webdesigncardiff.co.uk', 'price': 1092, 'year': 2012}, {'domain': 'attheofficewirral.co.uk', 'price': 250, 'year': 2019}, {'domain': 'parkstreetpeople.co.uk', 'price': 799, 'year': 2015}, {'domain': 'websitedesignmanchester.co.uk', 'price': 2198, 'year': 2012}, {'domain': 'madeindevon.co.uk', 'price': 1200, 'year': 2015}, {'domain': 'jobsinleicester.co.uk', 'price': 2713, 'year': 2012}, {'domain': 'jobsinmanchester.co.uk', 'price': 1992, 'year': 2011}, {'domain': 'jobsinyorkshire.co.uk', 'price': 1570, 'year': 2012}, {'domain': 'visittheusa.co.uk', 'price': 3850, 'year': 2015}]","[100, 25000]",100
49,OK,moneymediadigest.co.uk,"[{'keyword1_avg_sold_price': 2148, 'keyword1': 'money', 'keyword2_avg_sold_price': 1872, 'keyword2': 'media', 'type': 'valuable_keywords'}, {'keyword2': 'money', 'keyword1': 'media', 'type': 'popular_keywords'}]","[{'domain': 'thepodcastdigest.info', 'price': 22, 'year': 2019}, {'domain': 'moneysavingadvice.co.uk', 'price': 3100, 'year': 2012}, {'domain': 'socialmediatrends.info', 'price': 15, 'year': 2014}, {'domain': 'socialmediacourse.info', 'price': 15, 'year': 2015}, {'domain': 'theweathernetwork.co.uk', 'price': 3125, 'year': 2012}, {'domain': 'thebusinessindex.co.uk', 'price': 1600, 'year': 2013}, {'domain': 'cashflowproblems.co.uk', 'price': 1650, 'year': 2009}, {'domain': 'socialmediajobs.info', 'price': 15, 'year': 2014}, {'domain': 'socialmediaspecialist.info', 'price': 15, 'year': 2014}, {'domain': 'forexnewsblog.info', 'price': 25, 'year': 2011}]","[100, 25000]",100
50,OK,mybrandtoolkit.co.uk,"[{'type': 'popular_keyword', 'keyword': 'my'}, {'sld': 'mybrandtoolkit', 'type': 'short'}]","[{'domain': 'mybusinessprofile.co.uk', 'price': 1610, 'year': 2014}, {'domain': 'mybusinesscards.co.uk', 'price': 1100, 'year': 2011}, {'domain': 'myhostingforum.xyz', 'price': 20, 'year': 2018}, {'domain': 'theweathernetwork.co.uk', 'price': 3125, 'year': 2012}, {'domain': 'thebusinessindex.co.uk', 'price': 1600, 'year': 2013}, {'domain': 'mytopdirectory.info', 'price': 28, 'year': 2018}, {'domain': 'theretailpeople.co.uk', 'price': 2500, 'year': 2015}, {'domain': 'myadventurebooks.co.uk', 'price': 1257, 'year': 2012}, {'domain': 'thepodcastdigest.info', 'price': 22, 'year': 2019}, {'domain': 'thebookclub.co.uk', 'price': 3504, 'year': 2011}]","[100, 25000]",100
51,OK,newbikeinfo.co.uk,"[{'avg_sold_price': 2011, 'type': 'valuable_keyword', 'keyword': 'bike'}, {'keyword2': 'bike', 'keyword1': 'info', 'type': 'popular_keywords'}, {'sld': 'newbikeinfo', 'type': 'short'}]","[{'domain': 'newcarreviews.com.au', 'price': 1450, 'year': 2013}, {'domain': 'newgensoftware.info', 'price': 499, 'year': 2017}, {'domain': 'newtocanada.ca', 'price': 2500, 'year': 2018}, {'domain': 'newbusinessonline.xyz', 'price': 799, 'year': 2019}, {'domain': 'newproxyactive.info', 'price': 15, 'year': 2009}, {'domain': 'lifeboatlettings.co.uk', 'price': 325, 'year': 2019}, {'domain': 'staticcaravanholidays.co.uk', 'price': 1209, 'year': 2011}, {'domain': 'somersetmotorservices.co.uk', 'price': 80, 'year': 2017}, {'domain': 'renteninfo.de', 'price': 4087, 'year': 2019}, {'domain': 'newenergyworld.de', 'price': 2377, 'year': 2016}]","[100, 25000]",100
52,OK,perrenproperties.co.uk,"[{'type': 'popular_keyword', 'keyword': 'properties'}, {'sld': 'perrenproperties', 'num_of_other_tlds_in_use': 1, 'type': 'extensions_taken'}]","[{'domain': 'alltheproperties.co.uk', 'price': 3475, 'year': 2018}, {'domain': 'teletexholidays.co.uk', 'price': 7900, 'year': 2006}, {'domain': 'northeastlettings.co.uk', 'price': 7063, 'year': 2012}, {'domain': 'wesellhomes.co.uk', 'price': 3000, 'year': 2015}, {'domain': 'tulleysfarm.co.uk', 'price': 650, 'year': 2011}, {'domain': 'onlinepropertylistings.co.uk', 'price': 1176, 'year': 2008}, {'domain': 'rusrealestate.info', 'price': 28, 'year': 2016}, {'domain': 'oldmillgardens.ca', 'price': 45, 'year': 2014}, {'domain': 'allaboutweddings.co.uk', 'price': 2400, 'year': 2012}, {'domain': 'allsafescaffolding.co.uk', 'price': 795, 'year': 2018}]","[100, 25000]",100
53,OK,poolepowerboats.com,"[{'type': 'popular_keyword', 'keyword': 'power'}, {'type': 'great_extension'}, {'sld': 'poolepowerboats', 'type': 'short'}]","[{'domain': 'norriscraftboats.com', 'price': 400, 'year': 2017}, {'domain': 'laceypowersports.com', 'price': 1488, 'year': 2011}, {'domain': 'mortonsteelbuildings.com', 'price': 1500, 'year': 2016}, {'domain': 'homepowergenerators.com', 'price': 1100, 'year': 2012}, {'domain': 'kingfisherboats.com', 'price': 6000, 'year': 2012}, {'domain': 'colesqualitycars.com', 'price': 400, 'year': 2019}, {'domain': 'mckenziedriftboat.com', 'price': 150, 'year': 2014}, {'domain': 'wakesurfboats.com', 'price': 175, 'year': 2015}, {'domain': 'professionalpowerwashing.com', 'price': 700, 'year': 2012}, {'domain': 'utahpowersports.com', 'price': 500, 'year': 2018}]","[100, 25000]",1115
54,OK,reviewsandsources.com,"[{'type': 'popular_keyword', 'keyword': 'and'}, {'type': 'great_extension'}]","[{'domain': 'reviewandapprove.com', 'price': 1566, 'year': 2013}, {'domain': 'couponsandsamples.com', 'price': 1588, 'year': 2010}, {'domain': 'guideandseek.com', 'price': 1288, 'year': 2015}, {'domain': 'searchandlink.com', 'price': 650, 'year': 2012}, {'domain': 'samplesandcoupons.com', 'price': 708, 'year': 2009}, {'domain': 'timeandmaterials.com', 'price': 1136, 'year': 2008}, {'domain': 'impactandinfluence.com', 'price': 1100, 'year': 2012}, {'domain': 'tipsandquips.com', 'price': 900, 'year': 2014}, {'domain': 'dealsandoffers.com', 'price': 300, 'year': 2012}, {'domain': 'coverandpages.com', 'price': 1000, 'year': 2012}]","[100, 25000]",1337
55,OK,styleinsurrey.co.uk,"[{'type': 'popular_keyword', 'keyword': 'in'}, {'sld': 'styleinsurrey', 'type': 'short'}]","[{'domain': 'hotelinlondon.co.uk', 'price': 1376, 'year': 2011}, {'domain': 'madeindevon.co.uk', 'price': 1200, 'year': 2015}, {'domain': 'jobsincardiff.co.uk', 'price': 1590, 'year': 2011}, {'domain': 'gigsinscotland.co.uk', 'price': 2145, 'year': 2009}, {'domain': 'jobsinleicester.co.uk', 'price': 2713, 'year': 2012}, {'domain': 'jobsinmanchester.co.uk', 'price': 1992, 'year': 2011}, {'domain': 'jobsinyorkshire.co.uk', 'price': 1570, 'year': 2012}, {'domain': 'jobsincheltenham.co.uk', 'price': 1225, 'year': 2011}, {'domain': 'madeingreatbritain.co.uk', 'price': 3132, 'year': 2012}, {'domain': 'jobsinmiddlesbrough.co.uk', 'price': 1560, 'year': 2012}]","[100, 25000]",100
56,OK,theaerospaceexpert.co.uk,"[{'type': 'popular_keyword', 'keyword': 'the'}, {'sld': 'theaerospaceexpert', 'type': 'unique'}]","[{'domain': 'thelightingshowroom.co.uk', 'price': 760, 'year': 2016}, {'domain': 'theweathernetwork.co.uk', 'price': 3125, 'year': 2012}, {'domain': 'thebusinessindex.co.uk', 'price': 1600, 'year': 2013}, {'domain': 'theprintingfactory.co.uk', 'price': 1610, 'year': 2011}, {'domain': 'theretailpeople.co.uk', 'price': 2500, 'year': 2015}, {'domain': 'thetechprofessionals.info', 'price': 10, 'year': 2015}, {'domain': 'thesceniclabs.co.uk', 'price': 525, 'year': 2019}, {'domain': 'theunitedparty.co.uk', 'price': 130, 'year': 2019}, {'domain': 'thefurnitureshop.co.uk', 'price': 2175, 'year': 2016}, {'domain': 'mybusinessprofile.co.uk', 'price': 1610, 'year': 2014}]","[100, 25000]",100
57,OK,thebusexpert.co.uk,"[{'type': 'popular_keyword', 'keyword': 'the'}, {'sld': 'thebusexpert', 'type': 'short'}]","[{'domain': 'thecruiseclub.co.uk', 'price': 1140, 'year': 2013}, {'domain': 'thebusinessindex.co.uk', 'price': 1600, 'year': 2013}, {'domain': 'theweathernetwork.co.uk', 'price': 3125, 'year': 2012}, {'domain': 'thehotelfinder.info', 'price': 25, 'year': 2010}, {'domain': 'thesceniclabs.co.uk', 'price': 525, 'year': 2019}, {'domain': 'thebookclub.co.uk', 'price': 3504, 'year': 2011}, {'domain': 'thepodcastdigest.info', 'price': 22, 'year': 2019}, {'domain': 'theretailpeople.co.uk', 'price': 2500, 'year': 2015}, {'domain': 'theprintingfactory.co.uk', 'price': 1610, 'year': 2011}, {'domain': 'theplantjournal.info', 'price': 50, 'year': 2018}]","[100, 25000]",100
58,OK,thecarexpert.com,"[{'type': 'popular_keyword', 'keyword': 'the'}, {'domain': 'thecarexpert.com', 'type': 'domain_history'}, {'type': 'great_extension'}, {'sld': 'thecarexpert', 'type': 'short'}]","[{'domain': 'thecarexpert.com', 'price': 299, 'year': 2017}, {'domain': 'thecarspecialist.com', 'price': 2288, 'year': 2013}, {'domain': 'thecarwarehouse.com', 'price': 2888, 'year': 2019}, {'domain': 'thecardirectory.com', 'price': 1795, 'year': 2019}, {'domain': 'thecarguru.com', 'price': 1000, 'year': 2010}, {'domain': 'thehomeexpert.com', 'price': 1400, 'year': 2012}, {'domain': 'thecarinspection.com', 'price': 2295, 'year': 2019}, {'domain': 'theautospecialist.com', 'price': 995, 'year': 2017}, {'domain': 'thecarshub.com', 'price': 1088, 'year': 2019}, {'domain': 'thecarfreak.com', 'price': 1099, 'year': 2015}]","[100, 25000]",2481
59,OK,thecarexpert.news,"[{'type': 'popular_keyword', 'keyword': 'the'}, {'domain': 'thecarexpert.com', 'type': 'other_extension_sold'}, {'sld': 'thecarexpert', 'type': 'short'}, {'sld': 'thecarexpert', 'num_of_other_tlds_in_use': 4, 'type': 'extensions_taken'}]","[{'domain': 'thecarexpert.com', 'price': 299, 'year': 2017}, {'domain': 'thelakeclinic.work', 'price': 20, 'year': 2017}, {'domain': 'theplantjournal.info', 'price': 50, 'year': 2018}, {'domain': 'thefrenches.online', 'price': 20, 'year': 2019}, {'domain': 'nationalcarrental.ind.in', 'price': 1500, 'year': 2012}, {'domain': 'thehotelfinder.info', 'price': 25, 'year': 2010}, {'domain': 'thelifequote.info', 'price': 20, 'year': 2013}, {'domain': 'thegpsblog.info', 'price': 10, 'year': 2009}, {'domain': 'theunitedparty.uk', 'price': 130, 'year': 2019}, {'domain': 'themobileguide.info', 'price': 99, 'year': 2010}]","[100, 25000]",100
60,OK,thecomponentexpert.com,"[{'type': 'popular_keyword', 'keyword': 'the'}, {'type': 'great_extension'}]","[{'domain': 'thepackagingexperts.com', 'price': 688, 'year': 2015}, {'domain': 'theefficiencyexpert.com', 'price': 688, 'year': 2018}, {'domain': 'thebrandexpert.com', 'price': 1997, 'year': 2017}, {'domain': 'thedataexpert.com', 'price': 395, 'year': 2016}, {'domain': 'theconcreteexperts.com', 'price': 1188, 'year': 2017}, {'domain': 'thejobexpert.com', 'price': 1088, 'year': 2018}, {'domain': 'theprocessexperts.com', 'price': 688, 'year': 2017}, {'domain': 'thetelecomexpert.com', 'price': 377, 'year': 2013}, {'domain': 'thepoolexpert.com', 'price': 1000, 'year': 2014}, {'domain': 'theindustryexperts.com', 'price': 350, 'year': 2016}]","[100, 25000]",1148
61,OK,thelogisticsexpert.co.uk,"[{'avg_sold_price': 1946, 'type': 'valuable_keyword', 'keyword': 'logistics'}, {'keyword2': 'logistics', 'keyword1': 'expert', 'type': 'popular_keywords'}]","[{'domain': 'thelightingshowroom.co.uk', 'price': 760, 'year': 2016}, {'domain': 'theretailpeople.co.uk', 'price': 2500, 'year': 2015}, {'domain': 'thebusinessindex.co.uk', 'price': 1600, 'year': 2013}, {'domain': 'theprintingfactory.co.uk', 'price': 1610, 'year': 2011}, {'domain': 'thetechprofessionals.info', 'price': 10, 'year': 2015}, {'domain': 'theweathernetwork.co.uk', 'price': 3125, 'year': 2012}, {'domain': 'thecruiseclub.co.uk', 'price': 1140, 'year': 2013}, {'domain': 'thefurnitureshop.co.uk', 'price': 2175, 'year': 2016}, {'domain': 'thesceniclabs.co.uk', 'price': 525, 'year': 2019}, {'domain': 'thepodcastdigest.info', 'price': 22, 'year': 2019}]","[100, 25000]",100
62,OK,thesuvexpert.co.uk,"[{'type': 'popular_keyword', 'keyword': 'the'}, {'sld': 'thesuvexpert', 'type': 'short'}]","[{'domain': 'theweathernetwork.co.uk', 'price': 3125, 'year': 2012}, {'domain': 'thebusinessindex.co.uk', 'price': 1600, 'year': 2013}, {'domain': 'thebestdeals.co.uk', 'price': 2440, 'year': 2017}, {'domain': 'thecruiseclub.co.uk', 'price': 1140, 'year': 2013}, {'domain': 'thesceniclabs.co.uk', 'price': 525, 'year': 2019}, {'domain': 'thelightingshowroom.co.uk', 'price': 760, 'year': 2016}, {'domain': 'thegpsblog.info', 'price': 10, 'year': 2009}, {'domain': 'thehotelfinder.info', 'price': 25, 'year': 2010}, {'domain': 'thenextlevel.co.uk', 'price': 2385, 'year': 2011}, {'domain': 'thebookclub.co.uk', 'price': 3504, 'year': 2011}]","[100, 25000]",100
63,OK,thetireexpert.com,"[{'type': 'popular_keyword', 'keyword': 'the'}, {'type': 'great_extension'}, {'sld': 'thetireexpert', 'type': 'short'}]","[{'domain': 'theautospecialist.com', 'price': 995, 'year': 2017}, {'domain': 'theplumbingexperts.com', 'price': 999, 'year': 2017}, {'domain': 'thepoolexpert.com', 'price': 1000, 'year': 2014}, {'domain': 'theinsuranceexpert.com', 'price': 995, 'year': 2018}, {'domain': 'thecarexpert.com', 'price': 299, 'year': 2017}, {'domain': 'thetireshoppe.com', 'price': 899, 'year': 2017}, {'domain': 'theautopros.com', 'price': 495, 'year': 2018}, {'domain': 'thetaxexpert.com', 'price': 666, 'year': 2012}, {'domain': 'theautopro.com', 'price': 1000, 'year': 2018}, {'domain': 'thejobexpert.com', 'price': 1088, 'year': 2018}]","[100, 25000]",1095
64,OK,thetyreexpert.co.uk,"[{'type': 'popular_keyword', 'keyword': 'the'}, {'sld': 'thetyreexpert', 'type': 'short'}]","[{'domain': 'theretailpeople.co.uk', 'price': 2500, 'year': 2015}, {'domain': 'thelightingshowroom.co.uk', 'price': 760, 'year': 2016}, {'domain': 'thefurnitureshop.co.uk', 'price': 2175, 'year': 2016}, {'domain': 'thebusinessindex.co.uk', 'price': 1600, 'year': 2013}, {'domain': 'theweathernetwork.co.uk', 'price': 3125, 'year': 2012}, {'domain': 'theprintingfactory.co.uk', 'price': 1610, 'year': 2011}, {'domain': 'themoneyschool.co.uk', 'price': 1860, 'year': 2012}, {'domain': 'thecruiseclub.co.uk', 'price': 1140, 'year': 2013}, {'domain': 'thegpsblog.info', 'price': 10, 'year': 2009}, {'domain': 'theplantjournal.info', 'price': 50, 'year': 2018}]","[100, 25000]",100
65,OK,thevehicleexpert.co.uk,"[{'type': 'popular_keyword', 'keyword': 'the'}, {'sld': 'thevehicleexpert', 'type': 'unique'}]","[{'domain': 'thebusinessindex.co.uk', 'price': 1600, 'year': 2013}, {'domain': 'theweathernetwork.co.uk', 'price': 3125, 'year': 2012}, {'domain': 'theplantjournal.info', 'price': 50, 'year': 2018}, {'domain': 'thelightingshowroom.co.uk', 'price': 760, 'year': 2016}, {'domain': 'theretailpeople.co.uk', 'price': 2500, 'year': 2015}, {'domain': 'thesceniclabs.co.uk', 'price': 525, 'year': 2019}, {'domain': 'thefurnitureshop.co.uk', 'price': 2175, 'year': 2016}, {'domain': 'theprintingfactory.co.uk', 'price': 1610, 'year': 2011}, {'domain': 'thecruiseclub.co.uk', 'price': 1140, 'year': 2013}, {'domain': 'themoneyschool.co.uk', 'price': 1860, 'year': 2012}]","[100, 25000]",100
66,OK,aeromediadigest.com,"[{'avg_sold_price': 1872, 'type': 'valuable_keyword', 'keyword': 'media'}, {'type': 'popular_keyword', 'keyword': 'media'}, {'type': 'great_extension'}, {'sld': 'aeromediadigest', 'type': 'short'}]","[{'domain': 'digitalmediareview.com', 'price': 1195, 'year': 2013}, {'domain': 'massmedianetwork.com', 'price': 995, 'year': 2014}, {'domain': 'socialmediaforums.com', 'price': 1000, 'year': 2013}, {'domain': 'orangemedianetwork.com', 'price': 299, 'year': 2014}, {'domain': 'digimediamarketing.com', 'price': 499, 'year': 2017}, {'domain': 'neonmediagroup.com', 'price': 1395, 'year': 2019}, {'domain': 'euromediagroup.com', 'price': 2188, 'year': 2007}, {'domain': 'multimediaevangelist.com', 'price': 12, 'year': 2014}, {'domain': 'socialmediahacks.com', 'price': 1288, 'year': 2017}, {'domain': 'focusmedianetwork.com', 'price': 577, 'year': 2014}]","[100, 25000]",1297
67,OK,biztroduce.co.uk,"[{'sld': 'biztroduce', 'type': 'short'}, {'sld': 'biztroduce', 'type': 'unique'}]","[{'domain': 'thutucduhoc.info', 'price': 100, 'year': 2013}, {'domain': 'durdledoor.co.uk', 'price': 3107, 'year': 2011}, {'domain': 'netchandising.info', 'price': 200, 'year': 2014}, {'domain': 'yamyamtogo.co.uk', 'price': 1075, 'year': 2008}, {'domain': 'fibotrespo.se', 'price': 1995, 'year': 2013}, {'domain': 'mirorbingo.co.uk', 'price': 1501, 'year': 2009}, {'domain': 'blogdoodey.info', 'price': 28, 'year': 2017}, {'domain': 'jefaismonsite.info', 'price': 28, 'year': 2016}, {'domain': 'chinakeitetsi.info', 'price': 100, 'year': 2014}, {'domain': 'godemichet.fr', 'price': 1750, 'year': 2009}]","[100, 25000]",100
68,OK,businesswritingcademy.co.uk,"[{'avg_sold_price': 4800, 'type': 'valuable_keyword', 'keyword': 'cade'}, {'type': 'popular_keyword', 'keyword': 'my'}]","[{'domain': 'businesscashadvance.co.uk', 'price': 1846, 'year': 2010}, {'domain': 'thewritingtutor.biz', 'price': 20, 'year': 2019}, {'domain': 'seowritingservices.info', 'price': 28, 'year': 2017}, {'domain': 'searchmarketingagency.co.uk', 'price': 1240, 'year': 2011}, {'domain': 'audiobookstore.co.uk', 'price': 1800, 'year': 2014}, {'domain': 'resumewritingservice.info', 'price': 500, 'year': 2018}, {'domain': 'mortgageadvicecentre.co.uk', 'price': 1600, 'year': 2016}, {'domain': 'refurbishedtech.co.uk', 'price': 125, 'year': 2018}, {'domain': 'mobilemarketingagency.co.uk', 'price': 1458, 'year': 2011}, {'domain': 'bridgingloanfinance.co.uk', 'price': 1092, 'year': 2014}]","[100, 25000]",100
69,OK,compare-all-cars.co.uk,"[{'avg_sold_price': 2201, 'type': 'valuable_keyword', 'keyword': 'compare'}, {'type': 'popular_keyword', 'keyword': 'all'}]","[{'domain': 'buy-used-car.info', 'price': 28, 'year': 2018}, {'domain': 'compare-motor-insurance.co.uk', 'price': 1256, 'year': 2008}, {'domain': 'cheap-generic-viagra.co.uk', 'price': 11690, 'year': 2009}, {'domain': 'cheap-hotel-rooms.co.uk', 'price': 1000, 'year': 2010}, {'domain': 'compare-the-market.info', 'price': 28, 'year': 2017}, {'domain': 'my-cheap-hotels.info', 'price': 11, 'year': 2012}, {'domain': 'wholesale-pocket-bike.biz', 'price': 10, 'year': 2008}, {'domain': 'cheapest-flights-ticket.info', 'price': 10, 'year': 2011}, {'domain': 'online-essay-writer.co.uk', 'price': 20, 'year': 2019}, {'domain': 'best-wedding-dress.info', 'price': 10, 'year': 2011}]","[100, 25000]",100
70,OK,cvengineer.co.uk,"[{'sld': 'cvengineer', 'type': 'short'}, {'sld': 'cvengineer', 'num_of_other_tlds_in_use': 3, 'type': 'extensions_taken'}]","[{'domain': 'cvwizard.co.uk', 'price': 3138, 'year': 2013}, {'domain': 'cvwriting.co.uk', 'price': 3928, 'year': 2016}, {'domain': 'cvexamples.co.uk', 'price': 3100, 'year': 2010}, {'domain': 'cvcv.co.uk', 'price': 1232, 'year': 2012}, {'domain': 'cvhelp.co.uk', 'price': 8450, 'year': 2016}, {'domain': 'cvcentre.co.uk', 'price': 1590, 'year': 2012}, {'domain': 'hrsolution.co.uk', 'price': 1300, 'year': 2013}, {'domain': 'ipsolutions.co.uk', 'price': 2385, 'year': 2011}, {'domain': 'jobscience.co.uk', 'price': 1500, 'year': 2016}, {'domain': 'iptelephony.co.uk', 'price': 2119, 'year': 2010}]","[100, 25000]",100
71,OK,inl.co.uk,"[{'sld': 'inl', 'type': 'short'}, {'sld': 'inl', 'num_of_other_tlds_in_use': 25, 'type': 'extensions_taken'}]","[{'domain': 'oml.co.uk', 'price': 2496, 'year': 2014}, {'domain': 'inr.ch', 'price': 998, 'year': 2016}, {'domain': 'inm.io', 'price': 988, 'year': 2018}, {'domain': 'inx.co', 'price': 1990, 'year': 2018}, {'domain': 'ino.me', 'price': 3200, 'year': 2013}, {'domain': 'inb.info', 'price': 750, 'year': 2014}, {'domain': 'inq.co', 'price': 11798, 'year': 2018}, {'domain': 'byl.de', 'price': 1419, 'year': 2012}, {'domain': 'ohl.co', 'price': 550, 'year': 2016}, {'domain': 'inq.biz', 'price': 130, 'year': 2012}]","[100, 25000]",3019
72,OK,livingin.ltd.uk,"[{'type': 'popular_keyword', 'keyword': 'in'}, {'domain': 'livingin.ltd.uk', 'type': 'memorable'}, {'sld': 'livingin', 'type': 'short'}, {'sld': 'livingin', 'num_of_other_tlds_in_use': 20, 'type': 'extensions_taken'}]","[{'domain': 'womenin.tech', 'price': 1999, 'year': 2018}, {'domain': 'meetin.app', 'price': 799, 'year': 2019}, {'domain': 'livinglab.ist', 'price': 550, 'year': 2018}, {'domain': 'livinglab.istanbul', 'price': 650, 'year': 2018}, {'domain': 'builtin.us', 'price': 10, 'year': 2012}, {'domain': 'livingabroad.info', 'price': 40, 'year': 2006}, {'domain': 'madein.co', 'price': 2000, 'year': 2015}, {'domain': 'madein.in', 'price': 1850, 'year': 2012}, {'domain': 'madein.eu', 'price': 5397, 'year': 2012}, {'domain': 'lifeon.earth', 'price': 250, 'year': 2016}]","[100, 25000]",100
73,OK,livingincentrallondon.co.uk,"[{'keyword2': 'london', 'keyword1': 'living', 'type': 'popular_keywords'}, {'sld': 'livingincentrallondon', 'type': 'unique'}]","[{'domain': 'estateagentsinlondon.co.uk', 'price': 1200, 'year': 2012}, {'domain': 'workfromhomejobs.co.uk', 'price': 4290, 'year': 2011}, {'domain': 'thingstodoinlondon.co.uk', 'price': 3600, 'year': 2011}, {'domain': 'churchinyourpjs.tv', 'price': 280, 'year': 2013}, {'domain': 'fixedfeelegaladvice.co.uk', 'price': 300, 'year': 2019}, {'domain': 'universityofnorthtexas.xxx', 'price': 1000, 'year': 2011}, {'domain': 'friendsofhospiceottawa.ca', 'price': 76, 'year': 2014}, {'domain': 'jeinnylizarazo.tv', 'price': 100, 'year': 2015}, {'domain': 'freesiainternational.co.uk', 'price': 850, 'year': 2019}, {'domain': 'cominhomesong.us', 'price': 10, 'year': 2014}]","[100, 25000]",100
74,OK,livinginderbyshire.co.uk,"[{'type': 'popular_keyword', 'keyword': 'in'}, {'sld': 'livinginderbyshire', 'type': 'unique'}]","[{'domain': 'madeindevon.co.uk', 'price': 1200, 'year': 2015}, {'domain': 'madeingreatbritain.co.uk', 'price': 3132, 'year': 2012}, {'domain': 'jobsinyorkshire.co.uk', 'price': 1570, 'year': 2012}, {'domain': 'jobsinleicester.co.uk', 'price': 2713, 'year': 2012}, {'domain': 'hotelinlondon.co.uk', 'price': 1376, 'year': 2011}, {'domain': 'jobsinmanchester.co.uk', 'price': 1992, 'year': 2011}, {'domain': 'jobsincheltenham.co.uk', 'price': 1225, 'year': 2011}, {'domain': 'jobsincardiff.co.uk', 'price': 1590, 'year': 2011}, {'domain': 'gigsinscotland.co.uk', 'price': 2145, 'year': 2009}, {'domain': 'jobsinmiddlesbrough.co.uk', 'price': 1560, 'year': 2012}]","[100, 25000]",100
75,OK,livingineastmidlands.co.uk,"[{'avg_sold_price': 1895, 'type': 'valuable_keyword', 'keyword': 'midlands'}, {'keyword2': 'east', 'keyword1': 'living', 'type': 'popular_keywords'}]","[{'domain': 'universityofnorthtexas.xxx', 'price': 1000, 'year': 2011}, {'domain': 'thingstodoinlondon.co.uk', 'price': 3600, 'year': 2011}, {'domain': 'workfromhomejobs.co.uk', 'price': 4290, 'year': 2011}, {'domain': 'estateagentsinlondon.co.uk', 'price': 1200, 'year': 2012}, {'domain': 'friendsofhospiceottawa.ca', 'price': 76, 'year': 2014}, {'domain': 'churchinyourpjs.tv', 'price': 280, 'year': 2013}, {'domain': 'vakantieinzuidafrika.nl', 'price': 1461, 'year': 2008}, {'domain': 'outofthisworld.co.uk', 'price': 3200, 'year': 2012}, {'domain': 'freesiainternational.co.uk', 'price': 850, 'year': 2019}, {'domain': 'fixedfeelegaladvice.co.uk', 'price': 300, 'year': 2019}]","[100, 25000]",100
76,OK,livingingrampians.co.uk,"[{'type': 'popular_keyword', 'keyword': 'in'}, {'sld': 'livingingrampians', 'type': 'unique'}]","[{'domain': 'madeingreatbritain.co.uk', 'price': 3132, 'year': 2012}, {'domain': 'madeindevon.co.uk', 'price': 1200, 'year': 2015}, {'domain': 'hotelinlondon.co.uk', 'price': 1376, 'year': 2011}, {'domain': 'gigsinscotland.co.uk', 'price': 2145, 'year': 2009}, {'domain': 'jobsinyorkshire.co.uk', 'price': 1570, 'year': 2012}, {'domain': 'madeinchina.co.uk', 'price': 1280, 'year': 2012}, {'domain': 'jobsinteesside.co.uk', 'price': 1570, 'year': 2012}, {'domain': 'jobsinmanchester.co.uk', 'price': 1992, 'year': 2011}, {'domain': 'jobsincardiff.co.uk', 'price': 1590, 'year': 2011}, {'domain': 'jobsinmiddlesbrough.co.uk', 'price': 1560, 'year': 2012}]","[100, 25000]",100
77,OK,livinginhertfordshire.co.uk,"[{'type': 'popular_keyword', 'keyword': 'in'}, {'sld': 'livinginhertfordshire', 'type': 'unique'}]","[{'domain': 'madeingreatbritain.co.uk', 'price': 3132, 'year': 2012}, {'domain': 'madeindevon.co.uk', 'price': 1200, 'year': 2015}, {'domain': 'jobsinleicester.co.uk', 'price': 2713, 'year': 2012}, {'domain': 'jobsinmanchester.co.uk', 'price': 1992, 'year': 2011}, {'domain': 'hotelinlondon.co.uk', 'price': 1376, 'year': 2011}, {'domain': 'jobsincardiff.co.uk', 'price': 1590, 'year': 2011}, {'domain': 'jobsincheltenham.co.uk', 'price': 1225, 'year': 2011}, {'domain': 'jobsinyorkshire.co.uk', 'price': 1570, 'year': 2012}, {'domain': 'jobsinmiddlesbrough.co.uk', 'price': 1560, 'year': 2012}, {'domain': 'gigsinscotland.co.uk', 'price': 2145, 'year': 2009}]","[100, 25000]",100
78,OK,livinginisleofwight.co.uk,"[{'type': 'popular_keyword', 'keyword': 'in'}, {'sld': 'livinginisleofwight', 'type': 'unique'}]","[{'domain': 'madeingreatbritain.co.uk', 'price': 3132, 'year': 2012}, {'domain': 'madeindevon.co.uk', 'price': 1200, 'year': 2015}, {'domain': 'jobsincheltenham.co.uk', 'price': 1225, 'year': 2011}, {'domain': 'jobsinyorkshire.co.uk', 'price': 1570, 'year': 2012}, {'domain': 'jobsinmiddlesbrough.co.uk', 'price': 1560, 'year': 2012}, {'domain': 'hotelinlondon.co.uk', 'price': 1376, 'year': 2011}, {'domain': 'jobsinleicester.co.uk', 'price': 2713, 'year': 2012}, {'domain': 'gigsinscotland.co.uk', 'price': 2145, 'year': 2009}, {'domain': 'jobsincardiff.co.uk', 'price': 1590, 'year': 2011}, {'domain': 'jobsinmanchester.co.uk', 'price': 1992, 'year': 2011}]","[100, 25000]",100
79,OK,livinginlancashire.co.uk,"[{'type': 'popular_keyword', 'keyword': 'in'}, {'sld': 'livinginlancashire', 'type': 'unique'}]","[{'domain': 'madeindevon.co.uk', 'price': 1200, 'year': 2015}, {'domain': 'jobsinyorkshire.co.uk', 'price': 1570, 'year': 2012}, {'domain': 'madeingreatbritain.co.uk', 'price': 3132, 'year': 2012}, {'domain': 'jobsinleicester.co.uk', 'price': 2713, 'year': 2012}, {'domain': 'jobsinmanchester.co.uk', 'price': 1992, 'year': 2011}, {'domain': 'hotelinlondon.co.uk', 'price': 1376, 'year': 2011}, {'domain': 'jobsincheltenham.co.uk', 'price': 1225, 'year': 2011}, {'domain': 'jobsincardiff.co.uk', 'price': 1590, 'year': 2011}, {'domain': 'gigsinscotland.co.uk', 'price': 2145, 'year': 2009}, {'domain': 'jobsinmiddlesbrough.co.uk', 'price': 1560, 'year': 2012}]","[100, 25000]",100
80,OK,livinginmidlothian.co.uk,"[{'type': 'popular_keyword', 'keyword': 'in'}, {'sld': 'livinginmidlothian', 'type': 'unique'}]","[{'domain': 'madeingreatbritain.co.uk', 'price': 3132, 'year': 2012}, {'domain': 'jobsinmanchester.co.uk', 'price': 1992, 'year': 2011}, {'domain': 'jobsincardiff.co.uk', 'price': 1590, 'year': 2011}, {'domain': 'jobsinleicester.co.uk', 'price': 2713, 'year': 2012}, {'domain': 'jobsinmiddlesbrough.co.uk', 'price': 1560, 'year': 2012}, {'domain': 'madeindevon.co.uk', 'price': 1200, 'year': 2015}, {'domain': 'jobsincheltenham.co.uk', 'price': 1225, 'year': 2011}, {'domain': 'hotelinlondon.co.uk', 'price': 1376, 'year': 2011}, {'domain': 'jobsinyork.co.uk', 'price': 2325, 'year': 2012}, {'domain': 'jobsinyorkshire.co.uk', 'price': 1570, 'year': 2012}]","[100, 25000]",100
81,OK,livinginnorthernireland.co.uk,"[{'type': 'popular_keyword', 'keyword': 'in'}, {'sld': 'livinginnorthernireland', 'type': 'unique'}]","[{'domain': 'madeingreatbritain.co.uk', 'price': 3132, 'year': 2012}, {'domain': 'gigsinscotland.co.uk', 'price': 2145, 'year': 2009}, {'domain': 'madeindevon.co.uk', 'price': 1200, 'year': 2015}, {'domain': 'jobsinmiddlesbrough.co.uk', 'price': 1560, 'year': 2012}, {'domain': 'jobsinyorkshire.co.uk', 'price': 1570, 'year': 2012}, {'domain': 'hotelinlondon.co.uk', 'price': 1376, 'year': 2011}, {'domain': 'jobsinmanchester.co.uk', 'price': 1992, 'year': 2011}, {'domain': 'jobsinleicester.co.uk', 'price': 2713, 'year': 2012}, {'domain': 'jobsincheltenham.co.uk', 'price': 1225, 'year': 2011}, {'domain': 'jobsincardiff.co.uk', 'price': 1590, 'year': 2011}]","[100, 25000]",100
82,OK,livinginrutland.co.uk,"[{'type': 'popular_keyword', 'keyword': 'in'}, {'sld': 'livinginrutland', 'type': 'short'}]","[{'domain': 'madeindevon.co.uk', 'price': 1200, 'year': 2015}, {'domain': 'madeingreatbritain.co.uk', 'price': 3132, 'year': 2012}, {'domain': 'jobsinmanchester.co.uk', 'price': 1992, 'year': 2011}, {'domain': 'jobsinyorkshire.co.uk', 'price': 1570, 'year': 2012}, {'domain': 'jobsinleicester.co.uk', 'price': 2713, 'year': 2012}, {'domain': 'jobsincheltenham.co.uk', 'price': 1225, 'year': 2011}, {'domain': 'hotelinlondon.co.uk', 'price': 1376, 'year': 2011}, {'domain': 'jobsinyork.co.uk', 'price': 2325, 'year': 2012}, {'domain': 'jobsincardiff.co.uk', 'price': 1590, 'year': 2011}, {'domain': 'madeinchina.co.uk', 'price': 1280, 'year': 2012}]","[100, 25000]",100
83,OK,livinginstaffordshire.co.uk,"[{'type': 'popular_keyword', 'keyword': 'in'}, {'sld': 'livinginstaffordshire', 'type': 'unique'}]","[{'domain': 'madeingreatbritain.co.uk', 'price': 3132, 'year': 2012}, {'domain': 'madeindevon.co.uk', 'price': 1200, 'year': 2015}, {'domain': 'jobsinyorkshire.co.uk', 'price': 1570, 'year': 2012}, {'domain': 'jobsinleicester.co.uk', 'price': 2713, 'year': 2012}, {'domain': 'jobsinmanchester.co.uk', 'price': 1992, 'year': 2011}, {'domain': 'hotelinlondon.co.uk', 'price': 1376, 'year': 2011}, {'domain': 'jobsincheltenham.co.uk', 'price': 1225, 'year': 2011}, {'domain': 'jobsinmiddlesbrough.co.uk', 'price': 1560, 'year': 2012}, {'domain': 'jobsincardiff.co.uk', 'price': 1590, 'year': 2011}, {'domain': 'gigsinscotland.co.uk', 'price': 2145, 'year': 2009}]","[100, 25000]",100
84,OK,livinginteeside.co.uk,"[{'keyword2': 'side', 'keyword1': 'living', 'type': 'popular_keywords'}, {'sld': 'livinginteeside', 'type': 'short'}]","[{'domain': 'churchinyourpjs.tv', 'price': 280, 'year': 2013}, {'domain': 'designatshirt.co.uk', 'price': 1000, 'year': 2015}, {'domain': 'workfromhomejobs.co.uk', 'price': 4290, 'year': 2011}, {'domain': 'jeinnylizarazo.tv', 'price': 100, 'year': 2015}, {'domain': 'loansforbadcredit.co.uk', 'price': 7881, 'year': 2013}, {'domain': 'outofthisworld.co.uk', 'price': 3200, 'year': 2012}, {'domain': 'cominhomesong.us', 'price': 10, 'year': 2014}, {'domain': 'cheaperbythedozen.co.uk', 'price': 1680, 'year': 2009}, {'domain': 'fixedfeelegaladvice.co.uk', 'price': 300, 'year': 2019}, {'domain': 'loveatfirstsight.mobi', 'price': 10, 'year': 2008}]","[100, 25000]",100
85,OK,livingintheisleofwight.co.uk,"[{'keyword2': 'living', 'keyword1': 'in the', 'type': 'popular_keywords'}, {'sld': 'livingintheisleofwight', 'type': 'unique'}]","[{'domain': 'madeintheuk.co.uk', 'price': 1582, 'year': 2012}, {'domain': 'madeingreatbritain.co.uk', 'price': 3132, 'year': 2012}, {'domain': 'madeindevon.co.uk', 'price': 1200, 'year': 2015}, {'domain': 'jobsincheltenham.co.uk', 'price': 1225, 'year': 2011}, {'domain': 'jobsinyorkshire.co.uk', 'price': 1570, 'year': 2012}, {'domain': 'jobsinmiddlesbrough.co.uk', 'price': 1560, 'year': 2012}, {'domain': 'hotelinlondon.co.uk', 'price': 1376, 'year': 2011}, {'domain': 'jobsinleicester.co.uk', 'price': 2713, 'year': 2012}, {'domain': 'jobsinmanchester.co.uk', 'price': 1992, 'year': 2011}, {'domain': 'gigsinscotland.co.uk', 'price': 2145, 'year': 2009}]","[100, 25000]",100
86,OK,livinginwales.co.uk,"[{'type': 'popular_keyword', 'keyword': 'in'}, {'sld': 'livinginwales', 'type': 'short'}]","[{'domain': 'madeindevon.co.uk', 'price': 1200, 'year': 2015}, {'domain': 'madeingreatbritain.co.uk', 'price': 3132, 'year': 2012}, {'domain': 'hotelinlondon.co.uk', 'price': 1376, 'year': 2011}, {'domain': 'gigsinscotland.co.uk', 'price': 2145, 'year': 2009}, {'domain': 'jobsinyorkshire.co.uk', 'price': 1570, 'year': 2012}, {'domain': 'madeinchina.co.uk', 'price': 1280, 'year': 2012}, {'domain': 'jobsincardiff.co.uk', 'price': 1590, 'year': 2011}, {'domain': 'jobsinleicester.co.uk', 'price': 2713, 'year': 2012}, {'domain': 'jobsincheltenham.co.uk', 'price': 1225, 'year': 2011}, {'domain': 'jobsinmanchester.co.uk', 'price': 1992, 'year': 2011}]","[100, 25000]",100
87,OK,livinginwiltshire.co.uk,"[{'type': 'popular_keyword', 'keyword': 'in'}, {'sld': 'livinginwiltshire', 'type': 'unique'}]","[{'domain': 'madeindevon.co.uk', 'price': 1200, 'year': 2015}, {'domain': 'madeingreatbritain.co.uk', 'price': 3132, 'year': 2012}, {'domain': 'jobsinyorkshire.co.uk', 'price': 1570, 'year': 2012}, {'domain': 'hotelinlondon.co.uk', 'price': 1376, 'year': 2011}, {'domain': 'jobsinmanchester.co.uk', 'price': 1992, 'year': 2011}, {'domain': 'jobsinleicester.co.uk', 'price': 2713, 'year': 2012}, {'domain': 'jobsincheltenham.co.uk', 'price': 1225, 'year': 2011}, {'domain': 'jobsincardiff.co.uk', 'price': 1590, 'year': 2011}, {'domain': 'gigsinscotland.co.uk', 'price': 2145, 'year': 2009}, {'domain': 'jobsinmiddlesbrough.co.uk', 'price': 1560, 'year': 2012}]","[100, 25000]",100
88,OK,manandtoy.com,"[{'type': 'great_extension'}, {'sld': 'manandtoy', 'type': 'short'}]","[{'domain': 'hobbyandtoy.com', 'price': 2450, 'year': 2017}, {'domain': 'momandpup.com', 'price': 1095, 'year': 2019}, {'domain': 'bricksandtoys.com', 'price': 750, 'year': 2013}, {'domain': 'pupandkitty.com', 'price': 1200, 'year': 2017}, {'domain': 'hornsandsoul.com', 'price': 980, 'year': 2017}, {'domain': 'runandfun.com', 'price': 1000, 'year': 2011}, {'domain': 'manandnature.com', 'price': 2088, 'year': 2011}, {'domain': 'mumandbaby.com', 'price': 950, 'year': 2009}, {'domain': 'catandmimi.com', 'price': 1000, 'year': 2013}, {'domain': 'stoneandpaper.com', 'price': 1088, 'year': 2017}]","[100, 25000]",1101
89,OK,motorsandmoney.co.uk,"[{'avg_sold_price': 2148, 'type': 'valuable_keyword', 'keyword': 'money'}, {'keyword2': 'motors', 'keyword1': 'money', 'type': 'popular_keywords'}, {'sld': 'motorsandmoney', 'type': 'short'}]","[{'domain': 'framingandstamping.co.uk', 'price': 25, 'year': 2019}, {'domain': 'harperandlewis.co.uk', 'price': 400, 'year': 2016}, {'domain': 'clothesforcash.co.uk', 'price': 1304, 'year': 2013}, {'domain': 'supplyanddemand.co.uk', 'price': 4655, 'year': 2017}, {'domain': 'marbleandgranite.co.uk', 'price': 1309, 'year': 2011}, {'domain': 'artandliving.co.uk', 'price': 1774, 'year': 2010}, {'domain': 'franklinandmarshall.co.uk', 'price': 1064, 'year': 2015}, {'domain': 'phones4cash.co.uk', 'price': 1162, 'year': 2011}, {'domain': 'stocksandshares.biz', 'price': 150, 'year': 2019}, {'domain': 'sailandstay.co.uk', 'price': 1837, 'year': 2009}]","[100, 25000]",100
90,OK,navitasbrokers.com,"[{'type': 'great_extension'}, {'sld': 'navitasbrokers', 'type': 'short'}]","[{'domain': 'innovativebrokers.com', 'price': 1000, 'year': 2015}, {'domain': 'activebrokers.com', 'price': 1000, 'year': 2008}, {'domain': 'benchmarkbrokers.com', 'price': 688, 'year': 2018}, {'domain': 'primebrokers.com', 'price': 2888, 'year': 2007}, {'domain': 'matrixexchange.com', 'price': 1100, 'year': 2013}, {'domain': 'summitbrokers.com', 'price': 2500, 'year': 2010}, {'domain': 'keystonebroker.com', 'price': 1888, 'year': 2009}, {'domain': 'futuresbrokers.com', 'price': 2024, 'year': 2008}, {'domain': 'acuityadvisors.com', 'price': 1188, 'year': 2015}, {'domain': 'vertexsecurities.com', 'price': 869, 'year': 2015}]","[100, 25000]",1345
91,OK,perrenproperty.co.uk,"[{'type': 'popular_keyword', 'keyword': 'property'}, {'sld': 'perrenproperty', 'type': 'short'}]","[{'domain': 'rusrealestate.info', 'price': 28, 'year': 2016}, {'domain': 'alltheproperties.co.uk', 'price': 3475, 'year': 2018}, {'domain': 'ineedproperty.co.uk', 'price': 5736, 'year': 2009}, {'domain': 'teletexholidays.co.uk', 'price': 7900, 'year': 2006}, {'domain': 'therightmortgage.co.uk', 'price': 1162, 'year': 2012}, {'domain': 'northcyprusproperty.co.uk', 'price': 2750, 'year': 2008}, {'domain': 'northeastlettings.co.uk', 'price': 7063, 'year': 2012}, {'domain': 'tulleysfarm.co.uk', 'price': 650, 'year': 2011}, {'domain': 'pricai04.info', 'price': 28, 'year': 2017}, {'domain': 'allsafescaffolding.co.uk', 'price': 795, 'year': 2018}]","[100, 25000]",100
92,OK,rayhutton.co.uk,"[{'sld': 'rayhutton', 'type': 'short'}, {'sld': 'rayhutton', 'type': 'unique'}]","[{'domain': 'danidyer.co.uk', 'price': 170, 'year': 2019}, {'domain': 'richardcarter.co.uk', 'price': 1908, 'year': 2012}, {'domain': 'catherinewalsh.co.uk', 'price': 1600, 'year': 2009}, {'domain': 'danbaldwin.biz', 'price': 50, 'year': 2019}, {'domain': 'arielrodgers.info', 'price': 10, 'year': 2014}, {'domain': 'russellreynolds.co.uk', 'price': 3000, 'year': 2015}, {'domain': 'tommyhanson.us', 'price': 10, 'year': 2010}, {'domain': 'markperkins.info', 'price': 140, 'year': 2012}, {'domain': 'rachelstevens.us', 'price': 12, 'year': 2014}, {'domain': 'melissadavis.info', 'price': 14, 'year': 2014}]","[100, 25000]",100
93,OK,speechwritingacademy.co.uk,"[{'type': 'popular_keyword', 'keyword': 'academy'}, {'sld': 'speechwritingacademy', 'type': 'unique'}]","[{'domain': 'thewritingtutor.biz', 'price': 20, 'year': 2019}, {'domain': 'intensivedrivingcourses.co.uk', 'price': 3283, 'year': 2012}, {'domain': 'resumewritingservice.info', 'price': 500, 'year': 2018}, {'domain': 'essaywritingguide.info', 'price': 140, 'year': 2013}, {'domain': 'seowritingservices.info', 'price': 28, 'year': 2017}, {'domain': 'audiobookstore.co.uk', 'price': 1800, 'year': 2014}, {'domain': 'thebookclub.co.uk', 'price': 3504, 'year': 2011}, {'domain': 'spirituallifecoaching.co.uk', 'price': 1412, 'year': 2009}, {'domain': 'mobilemarketingagency.co.uk', 'price': 1458, 'year': 2011}, {'domain': 'webdesignteams.info', 'price': 17, 'year': 2010}]","[100, 25000]",100
94,OK,the4x4expert.com,"[{'type': 'popular_keyword', 'keyword': 'the'}, {'type': 'great_extension'}, {'sld': 'the4x4expert', 'type': 'short'}]","[{'domain': 'the3dprinterguys.com', 'price': 185, 'year': 2015}, {'domain': 'supplements2n4health.com', 'price': 100, 'year': 2015}, {'domain': 'foodandfitness4real.com', 'price': 198, 'year': 2017}, {'domain': 'thefooducator.com', 'price': 250, 'year': 2017}, {'domain': 'thebestcureforacne.com', 'price': 12, 'year': 2013}, {'domain': 'm4dn3ss.com', 'price': 1200, 'year': 2017}, {'domain': 'homes4saleindestin.com', 'price': 280, 'year': 2019}, {'domain': 'thejpaqgroup.com', 'price': 795, 'year': 2018}, {'domain': 'theofanidis.com', 'price': 50, 'year': 2012}, {'domain': 'cabinet2c2a.com', 'price': 377, 'year': 2013}]","[100, 25000]",209
95,OK,theautoexpert.co.uk,"[{'keyword2': 'expert', 'keyword1': 'auto', 'type': 'popular_keywords'}, {'sld': 'theautoexpert', 'type': 'short'}]","[{'domain': 'thefurnitureshop.co.uk', 'price': 2175, 'year': 2016}, {'domain': 'thebusinessindex.co.uk', 'price': 1600, 'year': 2013}, {'domain': 'theretailpeople.co.uk', 'price': 2500, 'year': 2015}, {'domain': 'thelightingshowroom.co.uk', 'price': 760, 'year': 2016}, {'domain': 'theplantjournal.info', 'price': 50, 'year': 2018}, {'domain': 'thesceniclabs.co.uk', 'price': 525, 'year': 2019}, {'domain': 'theweathernetwork.co.uk', 'price': 3125, 'year': 2012}, {'domain': 'theprintingfactory.co.uk', 'price': 1610, 'year': 2011}, {'domain': 'thegeneraldirectory.info', 'price': 75, 'year': 2012}, {'domain': 'thebestdeals.co.uk', 'price': 2440, 'year': 2017}]","[100, 25000]",100
96,OK,thecarexpert.co.uk,"[{'type': 'popular_keyword', 'keyword': 'the'}, {'domain': 'thecarexpert.com', 'type': 'other_extension_sold'}, {'sld': 'thecarexpert', 'type': 'short'}, {'sld': 'thecarexpert', 'num_of_other_tlds_in_use': 3, 'type': 'extensions_taken'}]","[{'domain': 'thecarexpert.com', 'price': 299, 'year': 2017}, {'domain': 'thebusinessindex.co.uk', 'price': 1600, 'year': 2013}, {'domain': 'theweathernetwork.co.uk', 'price': 3125, 'year': 2012}, {'domain': 'thebookclub.co.uk', 'price': 3504, 'year': 2011}, {'domain': 'thefurnitureshop.co.uk', 'price': 2175, 'year': 2016}, {'domain': 'thecruiseclub.co.uk', 'price': 1140, 'year': 2013}, {'domain': 'theunitedparty.co.uk', 'price': 130, 'year': 2019}, {'domain': 'thesceniclabs.co.uk', 'price': 525, 'year': 2019}, {'domain': 'thebestdeals.co.uk', 'price': 2440, 'year': 2017}, {'domain': 'theretailpeople.co.uk', 'price': 2500, 'year': 2015}]","[100, 25000]",160
97,OK,thecarexpert.org,"[{'type': 'popular_keyword', 'keyword': 'the'}, {'domain': 'thecarexpert.com', 'type': 'other_extension_sold'}, {'sld': 'thecarexpert', 'type': 'short'}, {'sld': 'thecarexpert', 'num_of_other_tlds_in_use': 3, 'type': 'extensions_taken'}]","[{'domain': 'thecarexpert.com', 'price': 299, 'year': 2017}, {'domain': 'thebusinessplan.org', 'price': 995, 'year': 2015}, {'domain': 'thehomeschool.org', 'price': 900, 'year': 2015}, {'domain': 'thebookproject.org', 'price': 925, 'year': 2019}, {'domain': 'thehometeam.org', 'price': 500, 'year': 2017}, {'domain': 'thebigguy.org', 'price': 800, 'year': 2018}, {'domain': 'thebirthsurvey.org', 'price': 1025, 'year': 2014}, {'domain': 'thepeopleproject.org', 'price': 950, 'year': 2018}, {'domain': 'themissinglink.org', 'price': 1000, 'year': 2015}, {'domain': 'thewowfactor.org', 'price': 895, 'year': 2016}]","[100, 25000]",1062
98,OK,thecycleexpert.co.uk,"[{'type': 'popular_keyword', 'keyword': 'the'}, {'sld': 'thecycleexpert', 'type': 'short'}]","[{'domain': 'thelightingshowroom.co.uk', 'price': 760, 'year': 2016}, {'domain': 'thesceniclabs.co.uk', 'price': 525, 'year': 2019}, {'domain': 'thebusinessindex.co.uk', 'price': 1600, 'year': 2013}, {'domain': 'theweathernetwork.co.uk', 'price': 3125, 'year': 2012}, {'domain': 'theretailpeople.co.uk', 'price': 2500, 'year': 2015}, {'domain': 'thelifequote.info', 'price': 20, 'year': 2013}, {'domain': 'thebookclub.co.uk', 'price': 3504, 'year': 2011}, {'domain': 'thepodcastdigest.info', 'price': 22, 'year': 2019}, {'domain': 'thefurnitureshop.co.uk', 'price': 2175, 'year': 2016}, {'domain': 'thecruiseclub.co.uk', 'price': 1140, 'year': 2013}]","[100, 25000]",100
99,OK,thereviewbank.com,"[{'keyword1_avg_sold_price': 2597, 'keyword1': 'bank', 'keyword2_avg_sold_price': 1856, 'keyword2': 'review', 'type': 'valuable_keywords'}, {'keyword2': 'review', 'keyword1': 'bank', 'type': 'popular_keywords'}, {'type': 'great_extension'}, {'sld': 'thereviewbank', 'type': 'short'}]","[{'domain': 'thebitcoinbank.com', 'price': 1000, 'year': 2017}, {'domain': 'thesafebank.com', 'price': 1895, 'year': 2017}, {'domain': 'thememorybank.com', 'price': 2105, 'year': 2006}, {'domain': 'thetrendexchange.com', 'price': 1946, 'year': 2017}, {'domain': 'thecloudbank.com', 'price': 3300, 'year': 2016}, {'domain': 'thecentralbank.com', 'price': 7500, 'year': 2018}, {'domain': 'thenewbank.com', 'price': 1188, 'year': 2011}, {'domain': 'thefederalbank.com', 'price': 995, 'year': 2012}, {'domain': 'thecannabisbank.com', 'price': 250, 'year': 2014}, {'domain': 'thevaporbank.com', 'price': 80, 'year': 2015}]","[100, 25000]",1975
100,OK,thetransportexpert.co.uk,"[{'avg_sold_price': 2039, 'type': 'valuable_keyword', 'keyword': 'transport'}, {'keyword2': 'transport', 'keyword1': 'expert', 'type': 'popular_keywords'}]","[{'domain': 'thelightingshowroom.co.uk', 'price': 760, 'year': 2016}, {'domain': 'theprintingfactory.co.uk', 'price': 1610, 'year': 2011}, {'domain': 'thefurnitureshop.co.uk', 'price': 2175, 'year': 2016}, {'domain': 'theweathernetwork.co.uk', 'price': 3125, 'year': 2012}, {'domain': 'thecruiseclub.co.uk', 'price': 1140, 'year': 2013}, {'domain': 'theretailpeople.co.uk', 'price': 2500, 'year': 2015}, {'domain': 'thebusinessindex.co.uk', 'price': 1600, 'year': 2013}, {'domain': 'thesceniclabs.co.uk', 'price': 525, 'year': 2019}, {'domain': 'theauctionhouse.co.uk', 'price': 3230, 'year': 2009}, {'domain': 'thehotelfinder.info', 'price': 25, 'year': 2010}]","[100, 25000]",100
101,OK,thetruckexpert.com,"[{'avg_sold_price': 2019, 'type': 'valuable_keyword', 'keyword': 'truck'}, {'keyword2': 'truck', 'keyword1': 'expert', 'type': 'popular_keywords'}, {'type': 'great_extension'}, {'sld': 'thetruckexpert', 'type': 'short'}]","[{'domain': 'thetruckcenter.com', 'price': 1288, 'year': 2009}, {'domain': 'thecarexpert.com', 'price': 299, 'year': 2017}, {'domain': 'theautospecialist.com', 'price': 995, 'year': 2017}, {'domain': 'thepoolexpert.com', 'price': 1000, 'year': 2014}, {'domain': 'thejobexpert.com', 'price': 1088, 'year': 2018}, {'domain': 'thewineexpert.com', 'price': 7500, 'year': 2013}, {'domain': 'theautopros.com', 'price': 495, 'year': 2018}, {'domain': 'theautopro.com', 'price': 1000, 'year': 2018}, {'domain': 'thehomeexpert.com', 'price': 1400, 'year': 2012}, {'domain': 'thecarspecialist.com', 'price': 2288, 'year': 2013}]","[100, 25000]",1268
102,OK,tuffkit.com,"[{'avg_sold_price': 2005, 'type': 'valuable_keyword', 'keyword': 'tuff'}, {'domain': 'tuffkit.com', 'type': 'memorable'}, {'type': 'great_extension'}, {'sld': 'tuffkit', 'type': 'short'}]","[{'domain': 'swagkit.com', 'price': 710, 'year': 2016}, {'domain': 'wetkit.com', 'price': 1800, 'year': 2015}, {'domain': 'sealkit.com', 'price': 1900, 'year': 2018}, {'domain': 'tacticalkit.com', 'price': 1429, 'year': 2016}, {'domain': 'tuffcrate.com', 'price': 100, 'year': 2015}, {'domain': 'junglekit.com', 'price': 1288, 'year': 2018}, {'domain': 'rackkit.com', 'price': 1500, 'year': 2007}, {'domain': 'legitkit.com', 'price': 1795, 'year': 2016}, {'domain': 'kiddykit.com', 'price': 1095, 'year': 2013}, {'domain': 'smashkit.com', 'price': 999, 'year': 2019}]","[100, 25000]",1552
103,OK,automotivepartnership.co.uk,"[{'domain': 'automotivepartnership.co.uk', 'type': 'memorable'}, {'sld': 'automotivepartnership', 'type': 'unique'}]","[{'domain': 'enterprisearchitects.co.uk', 'price': 2716, 'year': 2010}, {'domain': 'autonetwork.co.uk', 'price': 1000, 'year': 2013}, {'domain': 'engineeringcareers.co.uk', 'price': 1500, 'year': 2012}, {'domain': 'constructionservices.co.uk', 'price': 1505, 'year': 2006}, {'domain': 'fleetsolutions.co.uk', 'price': 4395, 'year': 2019}, {'domain': 'taxconsultants.co.uk', 'price': 1625, 'year': 2017}, {'domain': 'tirecorp.co.uk', 'price': 2000, 'year': 2011}, {'domain': 'weldingtools.co.uk', 'price': 1288, 'year': 2011}, {'domain': 'photographyinstitute.co.uk', 'price': 2000, 'year': 2017}, {'domain': 'mobilitysolutions.co.uk', 'price': 1209, 'year': 2012}]","[100, 25000]",100
104,OK,carandvannews.com,"[{'avg_sold_price': 2118, 'type': 'valuable_keyword', 'keyword': 'car'}, {'type': 'popular_keyword', 'keyword': 'and'}, {'type': 'great_extension'}, {'sld': 'carandvannews', 'type': 'short'}]","[{'domain': 'carandvanhire.com', 'price': 800, 'year': 2010}, {'domain': 'carandtruckdeals.com', 'price': 688, 'year': 2013}, {'domain': 'carandtruckoutlet.com', 'price': 225, 'year': 2014}, {'domain': 'carandtruckparts.com', 'price': 2200, 'year': 2006}, {'domain': 'homeandflowershow.com', 'price': 1000, 'year': 2010}, {'domain': 'carsandpickuptrucks.com', 'price': 1495, 'year': 2018}, {'domain': 'homeandgardendeals.com', 'price': 995, 'year': 2012}, {'domain': 'healthandnutritionnews.com', 'price': 968, 'year': 2019}, {'domain': 'mobilehomeandrvparts.com', 'price': 977, 'year': 2019}, {'domain': 'scandinav.com', 'price': 1256, 'year': 2014}]","[100, 25000]",1194
105,OK,compareallcaravans.com,"[{'avg_sold_price': 2201, 'type': 'valuable_keyword', 'keyword': 'compare'}, {'type': 'great_extension'}]","[{'domain': 'rentallcars.com', 'price': 1300, 'year': 2011}, {'domain': 'bestdealcars.com', 'price': 1171, 'year': 2019}, {'domain': 'comparesmartphones.com', 'price': 1688, 'year': 2009}, {'domain': 'lovealldogs.com', 'price': 1350, 'year': 2016}, {'domain': 'bestmovietrailers.com', 'price': 930, 'year': 2014}, {'domain': 'ultimateclassiccars.com', 'price': 1888, 'year': 2015}, {'domain': 'buyallamerican.com', 'price': 1250, 'year': 2012}, {'domain': 'bestnewyorkhomes.com', 'price': 1300, 'year': 2015}, {'domain': 'fromallwalks.com', 'price': 1300, 'year': 2010}, {'domain': 'aboveallevents.com', 'price': 1795, 'year': 2016}]","[100, 25000]",1183
106,OK,immediatenetwork.com,"[{'type': 'popular_keyword', 'keyword': 'network'}, {'domain': 'immediatenetwork.com', 'type': 'memorable'}, {'type': 'great_extension'}]","[{'domain': 'proactivenetwork.com', 'price': 2888, 'year': 2012}, {'domain': 'immediateconnection.com', 'price': 500, 'year': 2016}, {'domain': 'progressivenetwork.com', 'price': 1888, 'year': 2004}, {'domain': 'immediatemedia.com', 'price': 1288, 'year': 2001}, {'domain': 'immediatemarketing.com', 'price': 1000, 'year': 2006}, {'domain': 'facilitynetwork.com', 'price': 2700, 'year': 2015}, {'domain': 'premiernetwork.com', 'price': 2720, 'year': 2007}, {'domain': 'blueprintnetwork.com', 'price': 3000, 'year': 2015}, {'domain': 'excellentnetwork.com', 'price': 2388, 'year': 2011}, {'domain': 'claritynetwork.com', 'price': 1195, 'year': 2015}]","[100, 25000]",2438
107,OK,livinginberkshire.co.uk,"[{'avg_sold_price': 1852, 'type': 'valuable_keyword', 'keyword': 'berkshire'}, {'type': 'popular_keyword', 'keyword': 'in'}]","[{'domain': 'madeindevon.co.uk', 'price': 1200, 'year': 2015}, {'domain': 'jobsinyorkshire.co.uk', 'price': 1570, 'year': 2012}, {'domain': 'madeingreatbritain.co.uk', 'price': 3132, 'year': 2012}, {'domain': 'hotelinlondon.co.uk', 'price': 1376, 'year': 2011}, {'domain': 'jobsincheltenham.co.uk', 'price': 1225, 'year': 2011}, {'domain': 'jobsinmanchester.co.uk', 'price': 1992, 'year': 2011}, {'domain': 'jobsinleicester.co.uk', 'price': 2713, 'year': 2012}, {'domain': 'jobsincardiff.co.uk', 'price': 1590, 'year': 2011}, {'domain': 'gigsinscotland.co.uk', 'price': 2145, 'year': 2009}, {'domain': 'madeinchina.co.uk', 'price': 1280, 'year': 2012}]","[100, 25000]",100
108,OK,livingincumberland.co.uk,"[{'avg_sold_price': 2013, 'type': 'valuable_keyword', 'keyword': 'cumberland'}, {'type': 'popular_keyword', 'keyword': 'in'}]","[{'domain': 'madeingreatbritain.co.uk', 'price': 3132, 'year': 2012}, {'domain': 'madeindevon.co.uk', 'price': 1200, 'year': 2015}, {'domain': 'madeinchina.co.uk', 'price': 1280, 'year': 2012}, {'domain': 'jobsinyork.co.uk', 'price': 2325, 'year': 2012}, {'domain': 'jobsincheltenham.co.uk', 'price': 1225, 'year': 2011}, {'domain': 'jobsinyorkshire.co.uk', 'price': 1570, 'year': 2012}, {'domain': 'gigsinscotland.co.uk', 'price': 2145, 'year': 2009}, {'domain': 'hotelinlondon.co.uk', 'price': 1376, 'year': 2011}, {'domain': 'fishingincolorado.info', 'price': 10, 'year': 2014}, {'domain': 'jobsinteesside.co.uk', 'price': 1570, 'year': 2012}]","[100, 25000]",100
109,OK,livingineastlothian.co.uk,"[{'type': 'popular_keyword', 'keyword': 'in'}, {'sld': 'livingineastlothian', 'type': 'unique'}]","[{'domain': 'madeingreatbritain.co.uk', 'price': 3132, 'year': 2012}, {'domain': 'jobsinmiddlesbrough.co.uk', 'price': 1560, 'year': 2012}, {'domain': 'jobsincardiff.co.uk', 'price': 1590, 'year': 2011}, {'domain': 'jobsincheltenham.co.uk', 'price': 1225, 'year': 2011}, {'domain': 'jobsinmanchester.co.uk', 'price': 1992, 'year': 2011}, {'domain': 'hotelinlondon.co.uk', 'price': 1376, 'year': 2011}, {'domain': 'jobsinleicester.co.uk', 'price': 2713, 'year': 2012}, {'domain': 'jobsinteesside.co.uk', 'price': 1570, 'year': 2012}, {'domain': 'madeindevon.co.uk', 'price': 1200, 'year': 2015}, {'domain': 'jobsinyorkshire.co.uk', 'price': 1570, 'year': 2012}]","[100, 25000]",100
110,OK,livingingreatermanchester.co.uk,"[{'type': 'popular_keyword', 'keyword': 'in'}, {'sld': 'livingingreatermanchester', 'type': 'unique'}]","[{'domain': 'madeingreatbritain.co.uk', 'price': 3132, 'year': 2012}, {'domain': 'jobsinmanchester.co.uk', 'price': 1992, 'year': 2011}, {'domain': 'jobsinmiddlesbrough.co.uk', 'price': 1560, 'year': 2012}, {'domain': 'gigsinscotland.co.uk', 'price': 2145, 'year': 2009}, {'domain': 'madeindevon.co.uk', 'price': 1200, 'year': 2015}, {'domain': 'hotelinlondon.co.uk', 'price': 1376, 'year': 2011}, {'domain': 'jobsinleicester.co.uk', 'price': 2713, 'year': 2012}, {'domain': 'jobsincheltenham.co.uk', 'price': 1225, 'year': 2011}, {'domain': 'jobsinyorkshire.co.uk', 'price': 1570, 'year': 2012}, {'domain': 'jobsincardiff.co.uk', 'price': 1590, 'year': 2011}]","[100, 25000]",100
111,OK,livinginhumberside.co.uk,"[{'keyword2': 'side', 'keyword1': 'living', 'type': 'popular_keywords'}, {'sld': 'livinginhumberside', 'type': 'unique'}]","[{'domain': 'madeingreatbritain.co.uk', 'price': 3132, 'year': 2012}, {'domain': 'jobsinteesside.co.uk', 'price': 1570, 'year': 2012}, {'domain': 'madeindevon.co.uk', 'price': 1200, 'year': 2015}, {'domain': 'jobsinmiddlesbrough.co.uk', 'price': 1560, 'year': 2012}, {'domain': 'hotelinlondon.co.uk', 'price': 1376, 'year': 2011}, {'domain': 'jobsinmanchester.co.uk', 'price': 1992, 'year': 2011}, {'domain': 'jobsinyorkshire.co.uk', 'price': 1570, 'year': 2012}, {'domain': 'jobsincardiff.co.uk', 'price': 1590, 'year': 2011}, {'domain': 'madeinchina.co.uk', 'price': 1280, 'year': 2012}, {'domain': 'jobsinleicester.co.uk', 'price': 2713, 'year': 2012}]","[100, 25000]",100
112,OK,livinginleicestershire.co.uk,"[{'type': 'popular_keyword', 'keyword': 'in'}, {'sld': 'livinginleicestershire', 'type': 'unique'}]","[{'domain': 'madeingreatbritain.co.uk', 'price': 3132, 'year': 2012}, {'domain': 'jobsinmiddlesbrough.co.uk', 'price': 1560, 'year': 2012}, {'domain': 'jobsinmanchester.co.uk', 'price': 1992, 'year': 2011}, {'domain': 'jobsinleicester.co.uk', 'price': 2713, 'year': 2012}, {'domain': 'madeindevon.co.uk', 'price': 1200, 'year': 2015}, {'domain': 'jobsincardiff.co.uk', 'price': 1590, 'year': 2011}, {'domain': 'hotelinlondon.co.uk', 'price': 1376, 'year': 2011}, {'domain': 'jobsincheltenham.co.uk', 'price': 1225, 'year': 2011}, {'domain': 'jobsinyorkshire.co.uk', 'price': 1570, 'year': 2012}, {'domain': 'gigsinscotland.co.uk', 'price': 2145, 'year': 2009}]","[100, 25000]",100
113,OK,livinginnorthamptonshire.co.uk,"[{'type': 'popular_keyword', 'keyword': 'in'}, {'sld': 'livinginnorthamptonshire', 'type': 'unique'}]","[{'domain': 'madeingreatbritain.co.uk', 'price': 3132, 'year': 2012}, {'domain': 'jobsinmanchester.co.uk', 'price': 1992, 'year': 2011}, {'domain': 'jobsinleicester.co.uk', 'price': 2713, 'year': 2012}, {'domain': 'jobsinmiddlesbrough.co.uk', 'price': 1560, 'year': 2012}, {'domain': 'jobsincardiff.co.uk', 'price': 1590, 'year': 2011}, {'domain': 'madeindevon.co.uk', 'price': 1200, 'year': 2015}, {'domain': 'jobsincheltenham.co.uk', 'price': 1225, 'year': 2011}, {'domain': 'hotelinlondon.co.uk', 'price': 1376, 'year': 2011}, {'domain': 'jobsinyorkshire.co.uk', 'price': 1570, 'year': 2012}, {'domain': 'gigsinscotland.co.uk', 'price': 2145, 'year': 2009}]","[100, 25000]",100
114,OK,livinginnotts.co.uk,"[{'type': 'popular_keyword', 'keyword': 'in'}, {'sld': 'livinginnotts', 'type': 'short'}]","[{'domain': 'madeindevon.co.uk', 'price': 1200, 'year': 2015}, {'domain': 'madeingreatbritain.co.uk', 'price': 3132, 'year': 2012}, {'domain': 'hotelinlondon.co.uk', 'price': 1376, 'year': 2011}, {'domain': 'jobsinmanchester.co.uk', 'price': 1992, 'year': 2011}, {'domain': 'jobsinleicester.co.uk', 'price': 2713, 'year': 2012}, {'domain': 'jobsincardiff.co.uk', 'price': 1590, 'year': 2011}, {'domain': 'madeinchina.co.uk', 'price': 1280, 'year': 2012}, {'domain': 'jobsinyorkshire.co.uk', 'price': 1570, 'year': 2012}, {'domain': 'jobsinyork.co.uk', 'price': 2325, 'year': 2012}, {'domain': 'jobsinteesside.co.uk', 'price': 1570, 'year': 2012}]","[100, 25000]",100
115,OK,livinginstaffs.co.uk,"[{'type': 'popular_keyword', 'keyword': 'in'}, {'sld': 'livinginstaffs', 'type': 'short'}]","[{'domain': 'madeindevon.co.uk', 'price': 1200, 'year': 2015}, {'domain': 'madeingreatbritain.co.uk', 'price': 3132, 'year': 2012}, {'domain': 'jobsinyorkshire.co.uk', 'price': 1570, 'year': 2012}, {'domain': 'hotelinlondon.co.uk', 'price': 1376, 'year': 2011}, {'domain': 'jobsinmanchester.co.uk', 'price': 1992, 'year': 2011}, {'domain': 'madeinchina.co.uk', 'price': 1280, 'year': 2012}, {'domain': 'jobsincardiff.co.uk', 'price': 1590, 'year': 2011}, {'domain': 'jobsinleicester.co.uk', 'price': 2713, 'year': 2012}, {'domain': 'jobsincheltenham.co.uk', 'price': 1225, 'year': 2011}, {'domain': 'jobsinteesside.co.uk', 'price': 1570, 'year': 2012}]","[100, 25000]",100
116,OK,livinginthehighlands.co.uk,"[{'keyword2': 'living', 'keyword1': 'in the', 'type': 'popular_keywords'}, {'sld': 'livinginthehighlands', 'type': 'unique'}]","[{'domain': 'homeandgardens.co.uk', 'price': 1120, 'year': 2011}, {'domain': 'madeintheuk.co.uk', 'price': 1582, 'year': 2012}, {'domain': 'abreastinthewest.ca', 'price': 95, 'year': 2014}, {'domain': 'madeindevon.co.uk', 'price': 1200, 'year': 2015}, {'domain': 'madeingreatbritain.co.uk', 'price': 3132, 'year': 2012}, {'domain': 'alltheproperties.co.uk', 'price': 3475, 'year': 2018}, {'domain': 'homeinsulationgrants.co.uk', 'price': 2400, 'year': 2011}, {'domain': 'dayattheraces.co.uk', 'price': 3101, 'year': 2015}, {'domain': 'visittheusa.co.uk', 'price': 3850, 'year': 2015}, {'domain': 'streetsofengland.co.uk', 'price': 24, 'year': 2016}]","[100, 25000]",100
117,OK,livinginthewestmidlands.co.uk,"[{'avg_sold_price': 1895, 'type': 'valuable_keyword', 'keyword': 'west midlands'}, {'keyword2': 'living', 'keyword1': 'in the', 'type': 'popular_keywords'}]","[{'domain': 'madeintheuk.co.uk', 'price': 1582, 'year': 2012}, {'domain': 'madeingreatbritain.co.uk', 'price': 3132, 'year': 2012}, {'domain': 'jobsinmanchester.co.uk', 'price': 1992, 'year': 2011}, {'domain': 'jobsinleicester.co.uk', 'price': 2713, 'year': 2012}, {'domain': 'jobsinmiddlesbrough.co.uk', 'price': 1560, 'year': 2012}, {'domain': 'jobsinyorkshire.co.uk', 'price': 1570, 'year': 2012}, {'domain': 'madeindevon.co.uk', 'price': 1200, 'year': 2015}, {'domain': 'hotelinlondon.co.uk', 'price': 1376, 'year': 2011}, {'domain': 'jobsincheltenham.co.uk', 'price': 1225, 'year': 2011}, {'domain': 'jobsincardiff.co.uk', 'price': 1590, 'year': 2011}]","[100, 25000]",100
118,OK,livinginworcs.co.uk,"[{'type': 'popular_keyword', 'keyword': 'in'}, {'sld': 'livinginworcs', 'type': 'short'}]","[{'domain': 'madeingreatbritain.co.uk', 'price': 3132, 'year': 2012}, {'domain': 'madeindevon.co.uk', 'price': 1200, 'year': 2015}, {'domain': 'madeinchina.co.uk', 'price': 1280, 'year': 2012}, {'domain': 'hotelinlondon.co.uk', 'price': 1376, 'year': 2011}, {'domain': 'gigsinscotland.co.uk', 'price': 2145, 'year': 2009}, {'domain': 'jobsincardiff.co.uk', 'price': 1590, 'year': 2011}, {'domain': 'jobsinteesside.co.uk', 'price': 1570, 'year': 2012}, {'domain': 'jobsinyorkshire.co.uk', 'price': 1570, 'year': 2012}, {'domain': 'jobsinyork.co.uk', 'price': 2325, 'year': 2012}, {'domain': 'jobsinmanchester.co.uk', 'price': 1992, 'year': 2011}]","[100, 25000]",100
119,OK,moneyandmotors.co.uk,"[{'avg_sold_price': 2148, 'type': 'valuable_keyword', 'keyword': 'money'}, {'keyword2': 'motors', 'keyword1': 'money', 'type': 'popular_keywords'}, {'sld': 'moneyandmotors', 'type': 'short'}]","[{'domain': 'moneyandfinances.info', 'price': 105, 'year': 2012}, {'domain': 'harperandlewis.co.uk', 'price': 400, 'year': 2016}, {'domain': 'homeandgardens.co.uk', 'price': 1120, 'year': 2011}, {'domain': 'stocksandshares.biz', 'price': 150, 'year': 2019}, {'domain': 'cashforcars.de', 'price': 4480, 'year': 2019}, {'domain': 'cashforcars.ca', 'price': 9888, 'year': 2017}, {'domain': 'framingandstamping.co.uk', 'price': 25, 'year': 2019}, {'domain': 'franklinandmarshall.co.uk', 'price': 1064, 'year': 2015}, {'domain': 'cashforcars.info', 'price': 300, 'year': 2013}, {'domain': 'fruitandveg.co.uk', 'price': 5735, 'year': 2008}]","[100, 25000]",100
120,OK,navitas-brokers.com,"[{'type': 'great_extension'}, {'sld': 'navitas-brokers', 'type': 'short'}]","[{'domain': 'apex-brokers.com', 'price': 677, 'year': 2019}, {'domain': 'tech-brokers.com', 'price': 788, 'year': 2009}, {'domain': 'corporate-brokers.com', 'price': 377, 'year': 2018}, {'domain': 'prime-market.com', 'price': 477, 'year': 2019}, {'domain': 'prospero-group.com', 'price': 499, 'year': 2013}, {'domain': 'apex-properties.com', 'price': 349, 'year': 2016}, {'domain': 'integrated-partners.com', 'price': 750, 'year': 2019}, {'domain': 'synergy-consult.com', 'price': 588, 'year': 2007}, {'domain': 'advanced-group.com', 'price': 377, 'year': 2013}, {'domain': 'freight-brokers.com', 'price': 449, 'year': 2016}]","[100, 25000]",518
121,OK,perrenproperty.com,"[{'type': 'popular_keyword', 'keyword': 'property'}, {'type': 'great_extension'}, {'sld': 'perrenproperty', 'type': 'short'}]","[{'domain': 'permaport.com', 'price': 1999, 'year': 2018}, {'domain': 'perilogistics.com', 'price': 2095, 'year': 2019}, {'domain': 'lirenedu.com', 'price': 1595, 'year': 2018}, {'domain': 'agogeconsulting.com', 'price': 1174, 'year': 2018}, {'domain': 'huarenhome.com', 'price': 200, 'year': 2014}, {'domain': 'tricityrealestate.com', 'price': 1000, 'year': 2012}, {'domain': 'perigold.com', 'price': 1795, 'year': 2017}, {'domain': 'ivanhoerealty.com', 'price': 1795, 'year': 2018}, {'domain': 'sellanyproperty.com', 'price': 1400, 'year': 2018}, {'domain': 'feruscapital.com', 'price': 950, 'year': 2015}]","[100, 25000]",1576
122,OK,simplynewsletters.co.uk,"[{'keyword1_avg_sold_price': 2009, 'keyword1': 'news', 'keyword2_avg_sold_price': 1874, 'keyword2': 'simply', 'type': 'valuable_keywords'}, {'keyword2': 'simply', 'keyword1': 'news', 'type': 'popular_keywords'}]","[{'domain': 'mp3s.co.uk', 'price': 2411, 'year': 2011}, {'domain': 'menswatchs.info', 'price': 30, 'year': 2013}, {'domain': 'clothesforkids.co.uk', 'price': 83, 'year': 2019}, {'domain': 'theretailpeople.co.uk', 'price': 2500, 'year': 2015}, {'domain': 'diyfavourboxes.co.uk', 'price': 40, 'year': 2016}, {'domain': 'thebestdeals.co.uk', 'price': 2440, 'year': 2017}, {'domain': 'thenextlevel.co.uk', 'price': 2385, 'year': 2011}, {'domain': 'thefurnitureshop.co.uk', 'price': 2175, 'year': 2016}, {'domain': 'fancydressideas.co.uk', 'price': 1200, 'year': 2009}, {'domain': 'londonwebsitedesign.co.uk', 'price': 1650, 'year': 2012}]","[100, 25000]",100
123,OK,theaeroexpert.co.uk,"[{'type': 'popular_keyword', 'keyword': 'the'}, {'sld': 'theaeroexpert', 'type': 'short'}]","[{'domain': 'theweathernetwork.co.uk', 'price': 3125, 'year': 2012}, {'domain': 'thesceniclabs.co.uk', 'price': 525, 'year': 2019}, {'domain': 'theretailpeople.co.uk', 'price': 2500, 'year': 2015}, {'domain': 'thebusinessindex.co.uk', 'price': 1600, 'year': 2013}, {'domain': 'thelightingshowroom.co.uk', 'price': 760, 'year': 2016}, {'domain': 'theprintingfactory.co.uk', 'price': 1610, 'year': 2011}, {'domain': 'thenextlevel.co.uk', 'price': 2385, 'year': 2011}, {'domain': 'thetechprofessionals.info', 'price': 10, 'year': 2015}, {'domain': 'thefurnitureshop.co.uk', 'price': 2175, 'year': 2016}, {'domain': 'thegpsblog.info', 'price': 10, 'year': 2009}]","[100, 25000]",100
124,OK,theboatexpert.co.uk,"[{'keyword2': 'boat', 'keyword1': 'expert', 'type': 'popular_keywords'}, {'sld': 'theboatexpert', 'type': 'short'}]","[{'domain': 'thecruiseclub.co.uk', 'price': 1140, 'year': 2013}, {'domain': 'thesceniclabs.co.uk', 'price': 525, 'year': 2019}, {'domain': 'thebusinessindex.co.uk', 'price': 1600, 'year': 2013}, {'domain': 'theweathernetwork.co.uk', 'price': 3125, 'year': 2012}, {'domain': 'thefurnitureshop.co.uk', 'price': 2175, 'year': 2016}, {'domain': 'theplantjournal.info', 'price': 50, 'year': 2018}, {'domain': 'thelightingshowroom.co.uk', 'price': 760, 'year': 2016}, {'domain': 'theretailpeople.co.uk', 'price': 2500, 'year': 2015}, {'domain': 'thebookclub.co.uk', 'price': 3504, 'year': 2011}, {'domain': 'themoneyschool.co.uk', 'price': 1860, 'year': 2012}]","[100, 25000]",100
125,OK,thecarexpert.net,"[{'type': 'popular_keyword', 'keyword': 'the'}, {'domain': 'thecarexpert.com', 'type': 'other_extension_sold'}, {'sld': 'thecarexpert', 'type': 'short'}, {'sld': 'thecarexpert', 'num_of_other_tlds_in_use': 3, 'type': 'extensions_taken'}]","[{'domain': 'thecarexpert.com', 'price': 299, 'year': 2017}, {'domain': 'theautostore.net', 'price': 488, 'year': 2014}, {'domain': 'theroofexpert.net', 'price': 10, 'year': 2009}, {'domain': 'thetaxexperts.net', 'price': 500, 'year': 2009}, {'domain': 'thecomputerguy.net', 'price': 677, 'year': 2014}, {'domain': 'europeancarservice.net', 'price': 688, 'year': 2008}, {'domain': 'thehomecompany.net', 'price': 988, 'year': 2011}, {'domain': 'theticketdoctor.net', 'price': 1088, 'year': 2019}, {'domain': 'thecarvery.net', 'price': 50, 'year': 2016}, {'domain': 'thewineguy.net', 'price': 377, 'year': 2014}]","[100, 25000]",785
126,OK,thecycleexpert.com,"[{'type': 'popular_keyword', 'keyword': 'the'}, {'type': 'great_extension'}, {'sld': 'thecycleexpert', 'type': 'short'}]","[{'domain': 'thebrandexpert.com', 'price': 1997, 'year': 2017}, {'domain': 'thewellnessexpert.com', 'price': 2000, 'year': 2018}, {'domain': 'thepoolexpert.com', 'price': 1000, 'year': 2014}, {'domain': 'theinsuranceexpert.com', 'price': 995, 'year': 2018}, {'domain': 'thecarexpert.com', 'price': 299, 'year': 2017}, {'domain': 'therealexperts.com', 'price': 1399, 'year': 2018}, {'domain': 'thecondoexpert.com', 'price': 1500, 'year': 2005}, {'domain': 'thejobexpert.com', 'price': 1088, 'year': 2018}, {'domain': 'thehomeexpert.com', 'price': 1400, 'year': 2012}, {'domain': 'theblogexpert.com', 'price': 650, 'year': 2013}]","[100, 25000]",1312
127,OK,thesuvexpert.com,"[{'type': 'popular_keyword', 'keyword': 'the'}, {'type': 'great_extension'}, {'sld': 'thesuvexpert', 'type': 'short'}]","[{'domain': 'thejobexpert.com', 'price': 1088, 'year': 2018}, {'domain': 'thecarexpert.com', 'price': 299, 'year': 2017}, {'domain': 'theinsuranceexpert.com', 'price': 995, 'year': 2018}, {'domain': 'thecarshub.com', 'price': 1088, 'year': 2019}, {'domain': 'thepoolexpert.com', 'price': 1000, 'year': 2014}, {'domain': 'theweddingexpert.com', 'price': 988, 'year': 2015}, {'domain': 'thecarguru.com', 'price': 1000, 'year': 2010}, {'domain': 'thejobgenie.com', 'price': 800, 'year': 2016}, {'domain': 'thebrandexpert.com', 'price': 1997, 'year': 2017}, {'domain': 'therealestateexpert.com', 'price': 1250, 'year': 2010}]","[100, 25000]",1045
128,OK,thetyreexpert.com,"[{'type': 'popular_keyword', 'keyword': 'the'}, {'type': 'great_extension'}, {'sld': 'thetyreexpert', 'type': 'short'}]","[{'domain': 'thepoolexpert.com', 'price': 1000, 'year': 2014}, {'domain': 'thecarexpert.com', 'price': 299, 'year': 2017}, {'domain': 'thejobexpert.com', 'price': 1088, 'year': 2018}, {'domain': 'theautospecialist.com', 'price': 995, 'year': 2017}, {'domain': 'theinsuranceexpert.com', 'price': 995, 'year': 2018}, {'domain': 'thetyreshop.com', 'price': 1000, 'year': 2011}, {'domain': 'thepackagingexperts.com', 'price': 688, 'year': 2015}, {'domain': 'thetelecomexpert.com', 'price': 377, 'year': 2013}, {'domain': 'thebrandexpert.com', 'price': 1997, 'year': 2017}, {'domain': 'thedataexpert.com', 'price': 395, 'year': 2016}]","[100, 25000]",1024
129,OK,vanfacts.co.uk,"[{'avg_sold_price': 2565, 'type': 'valuable_keyword', 'keyword': 'facts'}, {'domain': 'vanfacts.co.uk', 'type': 'memorable'}, {'sld': 'vanfacts', 'type': 'short'}]","[{'domain': 'vanaccessories.co.uk', 'price': 599, 'year': 2018}, {'domain': 'vanlease.co.uk', 'price': 1002, 'year': 2009}, {'domain': 'vanhire.co.uk', 'price': 19152, 'year': 2016}, {'domain': 'poodlefacts.info', 'price': 10, 'year': 2008}, {'domain': 'vanrental.co.uk', 'price': 10138, 'year': 2011}, {'domain': 'caradvice.co.uk', 'price': 4000, 'year': 2011}, {'domain': 'vantassel.info', 'price': 20, 'year': 2014}, {'domain': 'limotime.co.uk', 'price': 1191, 'year': 2012}, {'domain': 'vatfree.co.uk', 'price': 2528, 'year': 2015}, {'domain': 'companyinformation.co.uk', 'price': 97, 'year': 2019}]","[100, 25000]",100
130,OK,biztroduction.co.uk,"[{'sld': 'biztroduction', 'type': 'short'}, {'sld': 'biztroduction', 'type': 'unique'}]","[{'domain': 'agnetha.co.uk', 'price': 2400, 'year': 2013}, {'domain': 'paypermile.co.uk', 'price': 1500, 'year': 2015}, {'domain': 'commsmanager.co.uk', 'price': 1260, 'year': 2014}, {'domain': 'refurbishedtech.co.uk', 'price': 125, 'year': 2018}, {'domain': 'neterprise.cn', 'price': 2000, 'year': 2017}, {'domain': 'bakuchiol.co.uk', 'price': 397, 'year': 2019}, {'domain': 'vmwarehosting.co.uk', 'price': 1538, 'year': 2010}, {'domain': 'searchmarketingagency.co.uk', 'price': 1240, 'year': 2011}, {'domain': 'radioprofeto.pl', 'price': 720, 'year': 2015}, {'domain': 'shoppingcartsoftware.co.uk', 'price': 1422, 'year': 2008}]","[100, 25000]",100
131,OK,compare-all-vans.co.uk,"[{'avg_sold_price': 2201, 'type': 'valuable_keyword', 'keyword': 'compare'}, {'sld': 'compare-all-vans', 'type': 'unique'}]","[{'domain': 'compare-motor-insurance.co.uk', 'price': 1256, 'year': 2008}, {'domain': 'cheap-generic-viagra.co.uk', 'price': 11690, 'year': 2009}, {'domain': 'buy-used-car.info', 'price': 28, 'year': 2018}, {'domain': 'cheap-hotel-rooms.co.uk', 'price': 1000, 'year': 2010}, {'domain': 'compare-the-market.info', 'price': 28, 'year': 2017}, {'domain': 'liverpool-airport-parking.co.uk', 'price': 1999, 'year': 2019}, {'domain': 'online-essay-writer.co.uk', 'price': 20, 'year': 2019}, {'domain': 'cheapest-flights-ticket.info', 'price': 10, 'year': 2011}, {'domain': 'bitcoin-life-club.de', 'price': 3840, 'year': 2018}, {'domain': 'private-medical-insurance.co.uk', 'price': 1177, 'year': 2012}]","[100, 25000]",100
132,OK,financemediadigest.com,"[{'keyword1_avg_sold_price': 2188, 'keyword1': 'finance', 'keyword2_avg_sold_price': 1872, 'keyword2': 'media', 'type': 'valuable_keywords'}, {'keyword2': 'finance', 'keyword1': 'media', 'type': 'popular_keywords'}, {'type': 'great_extension'}]","[{'domain': 'digitalmediareview.com', 'price': 1195, 'year': 2013}, {'domain': 'focusmedianetwork.com', 'price': 577, 'year': 2014}, {'domain': 'massmedianetwork.com', 'price': 995, 'year': 2014}, {'domain': 'digitalmediaadvantage.com', 'price': 1000, 'year': 2017}, {'domain': 'globalmediasource.com', 'price': 695, 'year': 2014}, {'domain': 'globaldatanetwork.com', 'price': 1188, 'year': 2013}, {'domain': 'socialmediaforums.com', 'price': 1000, 'year': 2013}, {'domain': 'globalmusicnetwork.com', 'price': 860, 'year': 2008}, {'domain': 'newmediahub.com', 'price': 888, 'year': 2009}, {'domain': 'newmediaguide.com', 'price': 1400, 'year': 2012}]","[100, 25000]",1180
133,OK,livinginbucks.co.uk,"[{'type': 'popular_keyword', 'keyword': 'in'}, {'sld': 'livinginbucks', 'type': 'short'}, {'sld': 'livinginbucks', 'num_of_other_tlds_in_use': 1, 'type': 'extensions_taken'}]","[{'domain': 'madeindevon.co.uk', 'price': 1200, 'year': 2015}, {'domain': 'madeinchina.co.uk', 'price': 1280, 'year': 2012}, {'domain': 'madeingreatbritain.co.uk', 'price': 3132, 'year': 2012}, {'domain': 'jobsinyork.co.uk', 'price': 2325, 'year': 2012}, {'domain': 'investinstocks.us', 'price': 38, 'year': 2006}, {'domain': 'hotelinlondon.co.uk', 'price': 1376, 'year': 2011}, {'domain': 'jobsincardiff.co.uk', 'price': 1590, 'year': 2011}, {'domain': 'jobsinmanchester.co.uk', 'price': 1992, 'year': 2011}, {'domain': 'jobsinyorkshire.co.uk', 'price': 1570, 'year': 2012}, {'domain': 'jobsincheltenham.co.uk', 'price': 1225, 'year': 2011}]","[100, 25000]",100
134,OK,livingindorset.co.uk,"[{'type': 'popular_keyword', 'keyword': 'in'}, {'sld': 'livingindorset', 'type': 'short'}]","[{'domain': 'madeindevon.co.uk', 'price': 1200, 'year': 2015}, {'domain': 'jobsinyorkshire.co.uk', 'price': 1570, 'year': 2012}, {'domain': 'hotelinlondon.co.uk', 'price': 1376, 'year': 2011}, {'domain': 'madeingreatbritain.co.uk', 'price': 3132, 'year': 2012}, {'domain': 'jobsincardiff.co.uk', 'price': 1590, 'year': 2011}, {'domain': 'jobsinleicester.co.uk', 'price': 2713, 'year': 2012}, {'domain': 'jobsincheltenham.co.uk', 'price': 1225, 'year': 2011}, {'domain': 'gigsinscotland.co.uk', 'price': 2145, 'year': 2009}, {'domain': 'jobsinmanchester.co.uk', 'price': 1992, 'year': 2011}, {'domain': 'jobsinteesside.co.uk', 'price': 1570, 'year': 2012}]","[100, 25000]",100
135,OK,livingingloucestershire.co.uk,"[{'type': 'popular_keyword', 'keyword': 'in'}, {'sld': 'livingingloucestershire', 'type': 'unique'}]","[{'domain': 'madeingreatbritain.co.uk', 'price': 3132, 'year': 2012}, {'domain': 'madeindevon.co.uk', 'price': 1200, 'year': 2015}, {'domain': 'hotelinlondon.co.uk', 'price': 1376, 'year': 2011}, {'domain': 'jobsinleicester.co.uk', 'price': 2713, 'year': 2012}, {'domain': 'jobsinmiddlesbrough.co.uk', 'price': 1560, 'year': 2012}, {'domain': 'jobsincardiff.co.uk', 'price': 1590, 'year': 2011}, {'domain': 'jobsinmanchester.co.uk', 'price': 1992, 'year': 2011}, {'domain': 'jobsincheltenham.co.uk', 'price': 1225, 'year': 2011}, {'domain': 'jobsinyorkshire.co.uk', 'price': 1570, 'year': 2012}, {'domain': 'gigsinscotland.co.uk', 'price': 2145, 'year': 2009}]","[100, 25000]",100
136,OK,livinginhuntingdonshire.co.uk,"[{'type': 'popular_keyword', 'keyword': 'in'}, {'sld': 'livinginhuntingdonshire', 'type': 'unique'}]","[{'domain': 'workfromhomejobs.co.uk', 'price': 4290, 'year': 2011}, {'domain': 'churchinyourpjs.tv', 'price': 280, 'year': 2013}, {'domain': 'jeinnylizarazo.tv', 'price': 100, 'year': 2015}, {'domain': 'jamaicanblackcastoroil.co.uk', 'price': 1000, 'year': 2019}, {'domain': 'vakantieinzuidafrika.nl', 'price': 1461, 'year': 2008}, {'domain': 'universityofnorthtexas.xxx', 'price': 1000, 'year': 2011}, {'domain': 'edinburghbedandbreakfasts.co.uk', 'price': 1920, 'year': 2008}, {'domain': 'thefreewebsitedirectory.co.uk', 'price': 1610, 'year': 2009}, {'domain': 'estateagentsinlondon.co.uk', 'price': 1200, 'year': 2012}, {'domain': 'beabetteryou.co.uk', 'price': 1000, 'year': 2015}]","[100, 25000]",100
137,OK,livinginlincolnshire.co.uk,"[{'avg_sold_price': 2000, 'type': 'valuable_keyword', 'keyword': 'lincolnshire'}, {'type': 'popular_keyword', 'keyword': 'in'}]","[{'domain': 'madeindevon.co.uk', 'price': 1200, 'year': 2015}, {'domain': 'madeingreatbritain.co.uk', 'price': 3132, 'year': 2012}, {'domain': 'jobsinyorkshire.co.uk', 'price': 1570, 'year': 2012}, {'domain': 'hotelinlondon.co.uk', 'price': 1376, 'year': 2011}, {'domain': 'jobsincheltenham.co.uk', 'price': 1225, 'year': 2011}, {'domain': 'jobsinmanchester.co.uk', 'price': 1992, 'year': 2011}, {'domain': 'jobsinleicester.co.uk', 'price': 2713, 'year': 2012}, {'domain': 'jobsincardiff.co.uk', 'price': 1590, 'year': 2011}, {'domain': 'jobsinmiddlesbrough.co.uk', 'price': 1560, 'year': 2012}, {'domain': 'gigsinscotland.co.uk', 'price': 2145, 'year': 2009}]","[100, 25000]",100
138,OK,livinginnorthwales.co.uk,"[{'keyword2': 'north', 'keyword1': 'living', 'type': 'popular_keywords'}, {'sld': 'livinginnorthwales', 'type': 'unique'}]","[{'domain': 'universityofnorthtexas.xxx', 'price': 1000, 'year': 2011}, {'domain': 'workfromhomejobs.co.uk', 'price': 4290, 'year': 2011}, {'domain': 'thingstodoinlondon.co.uk', 'price': 3600, 'year': 2011}, {'domain': 'churchinyourpjs.tv', 'price': 280, 'year': 2013}, {'domain': 'estateagentsinlondon.co.uk', 'price': 1200, 'year': 2012}, {'domain': 'vakantieinzuidafrika.nl', 'price': 1461, 'year': 2008}, {'domain': 'friendsofhospiceottawa.ca', 'price': 76, 'year': 2014}, {'domain': 'beabetteryou.co.uk', 'price': 1000, 'year': 2015}, {'domain': 'jeinnylizarazo.tv', 'price': 100, 'year': 2015}, {'domain': 'outofthisworld.co.uk', 'price': 3200, 'year': 2012}]","[100, 25000]",100
139,OK,livinginsomerset.co.uk,"[{'type': 'popular_keyword', 'keyword': 'in'}, {'sld': 'livinginsomerset', 'type': 'unique'}]","[{'domain': 'madeindevon.co.uk', 'price': 1200, 'year': 2015}, {'domain': 'jobsincheltenham.co.uk', 'price': 1225, 'year': 2011}, {'domain': 'madeingreatbritain.co.uk', 'price': 3132, 'year': 2012}, {'domain': 'jobsinmanchester.co.uk', 'price': 1992, 'year': 2011}, {'domain': 'hotelinlondon.co.uk', 'price': 1376, 'year': 2011}, {'domain': 'jobsinleicester.co.uk', 'price': 2713, 'year': 2012}, {'domain': 'jobsinyorkshire.co.uk', 'price': 1570, 'year': 2012}, {'domain': 'jobsincardiff.co.uk', 'price': 1590, 'year': 2011}, {'domain': 'gigsinscotland.co.uk', 'price': 2145, 'year': 2009}, {'domain': 'jobsinyork.co.uk', 'price': 2325, 'year': 2012}]","[100, 25000]",100
140,OK,livinginthecotswolds.co.uk,"[{'keyword2': 'living', 'keyword1': 'in the', 'type': 'popular_keywords'}, {'sld': 'livinginthecotswolds', 'type': 'unique'}]","[{'domain': 'madeintheuk.co.uk', 'price': 1582, 'year': 2012}, {'domain': 'madeingreatbritain.co.uk', 'price': 3132, 'year': 2012}, {'domain': 'madeindevon.co.uk', 'price': 1200, 'year': 2015}, {'domain': 'jobsinyorkshire.co.uk', 'price': 1570, 'year': 2012}, {'domain': 'lightinthebox.info', 'price': 12, 'year': 2012}, {'domain': 'hotelinlondon.co.uk', 'price': 1376, 'year': 2011}, {'domain': 'homeandgardens.co.uk', 'price': 1120, 'year': 2011}, {'domain': 'gigsinscotland.co.uk', 'price': 2145, 'year': 2009}, {'domain': 'seizethemoment.co.uk', 'price': 1750, 'year': 2017}, {'domain': 'jobsincheltenham.co.uk', 'price': 1225, 'year': 2011}]","[100, 25000]",100
141,OK,livinginwarwickshire.co.uk,"[{'type': 'popular_keyword', 'keyword': 'in'}, {'sld': 'livinginwarwickshire', 'type': 'unique'}]","[{'domain': 'madeingreatbritain.co.uk', 'price': 3132, 'year': 2012}, {'domain': 'madeindevon.co.uk', 'price': 1200, 'year': 2015}, {'domain': 'jobsincheltenham.co.uk', 'price': 1225, 'year': 2011}, {'domain': 'jobsinyorkshire.co.uk', 'price': 1570, 'year': 2012}, {'domain': 'jobsinmanchester.co.uk', 'price': 1992, 'year': 2011}, {'domain': 'hotelinlondon.co.uk', 'price': 1376, 'year': 2011}, {'domain': 'jobsinleicester.co.uk', 'price': 2713, 'year': 2012}, {'domain': 'jobsincardiff.co.uk', 'price': 1590, 'year': 2011}, {'domain': 'gigsinscotland.co.uk', 'price': 2145, 'year': 2009}, {'domain': 'jobsinmiddlesbrough.co.uk', 'price': 1560, 'year': 2012}]","[100, 25000]",100
142,OK,livinginyorkshire.co.uk,"[{'type': 'popular_keyword', 'keyword': 'in'}, {'sld': 'livinginyorkshire', 'type': 'unique'}]","[{'domain': 'jobsinyorkshire.co.uk', 'price': 1570, 'year': 2012}, {'domain': 'madeindevon.co.uk', 'price': 1200, 'year': 2015}, {'domain': 'madeingreatbritain.co.uk', 'price': 3132, 'year': 2012}, {'domain': 'hotelinlondon.co.uk', 'price': 1376, 'year': 2011}, {'domain': 'jobsinmanchester.co.uk', 'price': 1992, 'year': 2011}, {'domain': 'jobsincheltenham.co.uk', 'price': 1225, 'year': 2011}, {'domain': 'jobsinleicester.co.uk', 'price': 2713, 'year': 2012}, {'domain': 'gigsinscotland.co.uk', 'price': 2145, 'year': 2009}, {'domain': 'jobsincardiff.co.uk', 'price': 1590, 'year': 2011}, {'domain': 'madeinchina.co.uk', 'price': 1280, 'year': 2012}]","[100, 25000]",100
143,OK,motorweek.co.uk,"[{'type': 'popular_keyword', 'keyword': 'motor'}, {'domain': 'motorweek.co.uk', 'type': 'memorable'}, {'sld': 'motorweek', 'type': 'short'}, {'sld': 'motorweek', 'num_of_other_tlds_in_use': 8, 'type': 'extensions_taken'}]","[{'domain': 'motorplus.co.uk', 'price': 2500, 'year': 2015}, {'domain': 'autoweek.ca', 'price': 1000, 'year': 2011}, {'domain': 'motorz.co.uk', 'price': 1000, 'year': 2012}, {'domain': 'motordeals.co.uk', 'price': 1750, 'year': 2010}, {'domain': 'motorguide.de', 'price': 1041, 'year': 2011}, {'domain': 'motorworld.com.au', 'price': 2091, 'year': 2014}, {'domain': 'motorworld.jp', 'price': 1500, 'year': 2010}, {'domain': 'bikeworld.co.uk', 'price': 1588, 'year': 2012}, {'domain': 'boarderweek.de', 'price': 1980, 'year': 2013}, {'domain': 'autoblog.co.uk', 'price': 17625, 'year': 2011}]","[100, 25000]",690
144,OK,newvaninfo.co.uk,"[{'type': 'popular_keyword', 'keyword': 'new'}, {'sld': 'newvaninfo', 'type': 'short'}]","[{'domain': 'newcarreviews.com.au', 'price': 1450, 'year': 2013}, {'domain': 'campervanhire.co.uk', 'price': 750, 'year': 2018}, {'domain': 'newtocanada.ca', 'price': 2500, 'year': 2018}, {'domain': 'renteninfo.de', 'price': 4087, 'year': 2019}, {'domain': 'newgensoftware.info', 'price': 499, 'year': 2017}, {'domain': 'greenfone.co.uk', 'price': 3000, 'year': 2011}, {'domain': 'newproxyactive.info', 'price': 15, 'year': 2009}, {'domain': 'newbusinessonline.xyz', 'price': 799, 'year': 2019}, {'domain': 'newenergyworld.de', 'price': 2377, 'year': 2016}, {'domain': 'numarkpharmacy.co.uk', 'price': 1000, 'year': 2009}]","[100, 25000]",100
145,OK,shipsandshipping.co.uk,"[{'avg_sold_price': 2074, 'type': 'valuable_keyword', 'keyword': 'ships'}, {'sld': 'shipsandshipping', 'type': 'unique'}]","[{'domain': 'parkandfly.co.uk', 'price': 2135, 'year': 2017}, {'domain': 'canoesandkayaks.info', 'price': 10, 'year': 2008}, {'domain': 'framingandstamping.co.uk', 'price': 25, 'year': 2019}, {'domain': 'supplyanddemand.co.uk', 'price': 4655, 'year': 2017}, {'domain': 'partandparcel.com.au', 'price': 1998, 'year': 2019}, {'domain': 'sailandstay.co.uk', 'price': 1837, 'year': 2009}, {'domain': 'stocksandshares.biz', 'price': 150, 'year': 2019}, {'domain': 'harperandlewis.co.uk', 'price': 400, 'year': 2016}, {'domain': 'marbleandgranite.co.uk', 'price': 1309, 'year': 2011}, {'domain': 'workandtravel.info', 'price': 688, 'year': 2008}]","[100, 25000]",100
146,OK,theaeroexpert.com,"[{'type': 'popular_keyword', 'keyword': 'the'}, {'type': 'great_extension'}, {'sld': 'theaeroexpert', 'type': 'short'}]","[{'domain': 'thepoolexpert.com', 'price': 1000, 'year': 2014}, {'domain': 'thedataexpert.com', 'price': 395, 'year': 2016}, {'domain': 'thejobexpert.com', 'price': 1088, 'year': 2018}, {'domain': 'therealexperts.com', 'price': 1399, 'year': 2018}, {'domain': 'thetelecomexpert.com', 'price': 377, 'year': 2013}, {'domain': 'thecondoexpert.com', 'price': 1500, 'year': 2005}, {'domain': 'thecarexpert.com', 'price': 299, 'year': 2017}, {'domain': 'thetechnoapp.com', 'price': 800, 'year': 2019}, {'domain': 'thehomeexpert.com', 'price': 1400, 'year': 2012}, {'domain': 'theautospecialist.com', 'price': 995, 'year': 2017}]","[100, 25000]",1334
147,OK,thecarexpert.co.in,"[{'type': 'popular_keyword', 'keyword': 'the'}, {'domain': 'thecarexpert.com', 'type': 'other_extension_sold'}, {'sld': 'thecarexpert', 'type': 'short'}, {'sld': 'thecarexpert', 'num_of_other_tlds_in_use': 4, 'type': 'extensions_taken'}]","[{'domain': 'thecarexpert.com', 'price': 299, 'year': 2017}, {'domain': 'thehotelfinder.info', 'price': 25, 'year': 2010}, {'domain': 'nationalcarrental.co.in', 'price': 2500, 'year': 2011}, {'domain': 'thelifequote.info', 'price': 20, 'year': 2013}, {'domain': 'theplantjournal.info', 'price': 50, 'year': 2018}, {'domain': 'thegpsblog.info', 'price': 10, 'year': 2009}, {'domain': 'thepetshop.info', 'price': 14, 'year': 2010}, {'domain': 'thebusinesszone.mobi', 'price': 10, 'year': 2013}, {'domain': 'thebusinesszone.biz', 'price': 10, 'year': 2012}, {'domain': 'thebusinesszone.tv', 'price': 10, 'year': 2012}]","[100, 25000]",100
148,OK,thecomponentexpert.co.uk,"[{'type': 'popular_keyword', 'keyword': 'the'}, {'sld': 'thecomponentexpert', 'type': 'unique'}]","[{'domain': 'thelightingshowroom.co.uk', 'price': 760, 'year': 2016}, {'domain': 'thebusinessindex.co.uk', 'price': 1600, 'year': 2013}, {'domain': 'theretailpeople.co.uk', 'price': 2500, 'year': 2015}, {'domain': 'thetechprofessionals.info', 'price': 10, 'year': 2015}, {'domain': 'theprintingfactory.co.uk', 'price': 1610, 'year': 2011}, {'domain': 'thefurnitureshop.co.uk', 'price': 2175, 'year': 2016}, {'domain': 'theweathernetwork.co.uk', 'price': 3125, 'year': 2012}, {'domain': 'mybusinessprofile.co.uk', 'price': 1610, 'year': 2014}, {'domain': 'thebusinesszone.mobi', 'price': 10, 'year': 2013}, {'domain': 'thebusinesszone.tv', 'price': 10, 'year': 2012}]","[100, 25000]",100
149,OK,thesupplychainexpert.co.uk,"[{'avg_sold_price': 2424, 'type': 'valuable_keyword', 'keyword': 'chain'}, {'keyword2': 'expert', 'keyword1': 'supply', 'type': 'popular_keywords'}]","[{'domain': 'thefreewebsitedirectory.co.uk', 'price': 1610, 'year': 2009}, {'domain': 'thejumpmanualreview.info', 'price': 28, 'year': 2018}, {'domain': 'thedogtrainingreview.info', 'price': 30, 'year': 2012}, {'domain': 'thefreewebdirectory.info', 'price': 28, 'year': 2017}, {'domain': 'thecanonpowershot.info', 'price': 10, 'year': 2012}, {'domain': 'fixedfeelegaladvice.co.uk', 'price': 300, 'year': 2019}, {'domain': 'freehorseracingtips.co.uk', 'price': 1953, 'year': 2012}, {'domain': 'thenextchapterexpo.us', 'price': 55, 'year': 2013}, {'domain': 'mysocialmediasite.info', 'price': 155, 'year': 2013}, {'domain': 'mobilephonesignalbooster.co.uk', 'price': 1192, 'year': 2012}]","[100, 25000]",100
150,OK,thevanexpert.co.uk,"[{'type': 'popular_keyword', 'keyword': 'the'}, {'sld': 'thevanexpert', 'type': 'short'}]","[{'domain': 'thebusinessindex.co.uk', 'price': 1600, 'year': 2013}, {'domain': 'thecruiseclub.co.uk', 'price': 1140, 'year': 2013}, {'domain': 'thesceniclabs.co.uk', 'price': 525, 'year': 2019}, {'domain': 'thelightingshowroom.co.uk', 'price': 760, 'year': 2016}, {'domain': 'thebookclub.co.uk', 'price': 3504, 'year': 2011}, {'domain': 'theweathernetwork.co.uk', 'price': 3125, 'year': 2012}, {'domain': 'thedressingroom.co.uk', 'price': 1102, 'year': 2009}, {'domain': 'theprintingfactory.co.uk', 'price': 1610, 'year': 2011}, {'domain': 'themoneyschool.co.uk', 'price': 1860, 'year': 2012}, {'domain': 'thefurnitureshop.co.uk', 'price': 2175, 'year': 2016}]","[100, 25000]",100
151,OK,automotivecommunication.co.uk,"[{'domain': 'automotivecommunication.co.uk', 'type': 'memorable'}, {'sld': 'automotivecommunication', 'type': 'unique'}]","[{'domain': 'autonetwork.co.uk', 'price': 1000, 'year': 2013}, {'domain': 'enterprisearchitects.co.uk', 'price': 2716, 'year': 2010}, {'domain': 'automotivetool.info', 'price': 20, 'year': 2012}, {'domain': 'autoblog.co.uk', 'price': 17625, 'year': 2011}, {'domain': 'autodoc.co.uk', 'price': 8635, 'year': 2015}, {'domain': 'retailsignage.co.uk', 'price': 1300, 'year': 2013}, {'domain': 'healthcarerecruitment.co.uk', 'price': 1100, 'year': 2015}, {'domain': 'electricalwiring.co.uk', 'price': 1200, 'year': 2010}, {'domain': 'constructiontechnology.info', 'price': 388, 'year': 2006}, {'domain': 'constructionservices.co.uk', 'price': 1505, 'year': 2006}]","[100, 25000]",100
152,OK,commercialvehicleengineer-uk.com,"[{'type': 'popular_keyword', 'keyword': 'uk'}, {'type': 'great_extension'}]","[{'domain': 'garagedoorrepair-phoenix.com', 'price': 100, 'year': 2014}, {'domain': 'thebizseeker-turkey.com', 'price': 29, 'year': 2014}, {'domain': 'securedata-trans10.com', 'price': 50, 'year': 2019}, {'domain': 'lifestory-historypin.com', 'price': 122, 'year': 2014}, {'domain': 'johnlyons-trainingmanuals.com', 'price': 180, 'year': 2013}, {'domain': 'powertrip-themovie.com', 'price': 130, 'year': 2012}, {'domain': 'militarydutystations-blog.com', 'price': 1400, 'year': 2014}, {'domain': 'land-grantcollegereview.com', 'price': 499, 'year': 2015}, {'domain': 'nttdata-agilenet.com', 'price': 1477, 'year': 2012}, {'domain': 'easyfbcommissions-review.com', 'price': 10, 'year': 2013}]","[100, 25000]",132
153,OK,inlgroup.co.uk,"[{'type': 'popular_keyword', 'keyword': 'in'}, {'sld': 'inlgroup', 'type': 'short'}, {'sld': 'inlgroup', 'num_of_other_tlds_in_use': 1, 'type': 'extensions_taken'}]","[{'domain': 'indizio.de', 'price': 2912, 'year': 2019}, {'domain': 'iotanalytics.co.uk', 'price': 1520, 'year': 2015}, {'domain': 'onecom.co.uk', 'price': 1317, 'year': 2012}, {'domain': 'bbbr.co.uk', 'price': 45, 'year': 2018}, {'domain': '3doffice.co.uk', 'price': 1245, 'year': 2011}, {'domain': 'bbmedia.co.uk', 'price': 1330, 'year': 2010}, {'domain': 'inmoweb.es', 'price': 2480, 'year': 2014}, {'domain': '4gantenna.co.uk', 'price': 2050, 'year': 2013}, {'domain': 'greenfone.co.uk', 'price': 3000, 'year': 2011}, {'domain': 'inoherb.info', 'price': 10, 'year': 2011}]","[100, 25000]",100
154,OK,livingincheshire.co.uk,"[{'type': 'popular_keyword', 'keyword': 'in'}, {'sld': 'livingincheshire', 'type': 'unique'}]","[{'domain': 'madeindevon.co.uk', 'price': 1200, 'year': 2015}, {'domain': 'jobsinyorkshire.co.uk', 'price': 1570, 'year': 2012}, {'domain': 'hotelinlondon.co.uk', 'price': 1376, 'year': 2011}, {'domain': 'jobsinleicester.co.uk', 'price': 2713, 'year': 2012}, {'domain': 'jobsinmanchester.co.uk', 'price': 1992, 'year': 2011}, {'domain': 'jobsincheltenham.co.uk', 'price': 1225, 'year': 2011}, {'domain': 'madeingreatbritain.co.uk', 'price': 3132, 'year': 2012}, {'domain': 'jobsincardiff.co.uk', 'price': 1590, 'year': 2011}, {'domain': 'gigsinscotland.co.uk', 'price': 2145, 'year': 2009}, {'domain': 'jobsinmiddlesbrough.co.uk', 'price': 1560, 'year': 2012}]","[100, 25000]",100
155,OK,livinginedinburgh.co.uk,"[{'type': 'popular_keyword', 'keyword': 'in'}, {'sld': 'livinginedinburgh', 'type': 'unique'}]","[{'domain': 'hotelinlondon.co.uk', 'price': 1376, 'year': 2011}, {'domain': 'madeingreatbritain.co.uk', 'price': 3132, 'year': 2012}, {'domain': 'jobsinleicester.co.uk', 'price': 2713, 'year': 2012}, {'domain': 'jobsinmanchester.co.uk', 'price': 1992, 'year': 2011}, {'domain': 'madeindevon.co.uk', 'price': 1200, 'year': 2015}, {'domain': 'jobsincardiff.co.uk', 'price': 1590, 'year': 2011}, {'domain': 'jobsincheltenham.co.uk', 'price': 1225, 'year': 2011}, {'domain': 'jobsinyorkshire.co.uk', 'price': 1570, 'year': 2012}, {'domain': 'jobsinmiddlesbrough.co.uk', 'price': 1560, 'year': 2012}, {'domain': 'gigsinscotland.co.uk', 'price': 2145, 'year': 2009}]","[100, 25000]",100
156,OK,livinginhomecounties.co.uk,"[{'type': 'popular_keyword', 'keyword': 'in'}, {'sld': 'livinginhomecounties', 'type': 'unique'}]","[{'domain': 'madeingreatbritain.co.uk', 'price': 3132, 'year': 2012}, {'domain': 'madeindevon.co.uk', 'price': 1200, 'year': 2015}, {'domain': 'jobsinyorkshire.co.uk', 'price': 1570, 'year': 2012}, {'domain': 'jobsinmiddlesbrough.co.uk', 'price': 1560, 'year': 2012}, {'domain': 'jobsincardiff.co.uk', 'price': 1590, 'year': 2011}, {'domain': 'madeinchina.co.uk', 'price': 1280, 'year': 2012}, {'domain': 'jobsincheltenham.co.uk', 'price': 1225, 'year': 2011}, {'domain': 'hotelinlondon.co.uk', 'price': 1376, 'year': 2011}, {'domain': 'jobsinmanchester.co.uk', 'price': 1992, 'year': 2011}, {'domain': 'gigsinscotland.co.uk', 'price': 2145, 'year': 2009}]","[100, 25000]",100
157,OK,livinginmerseyside.co.uk,"[{'type': 'popular_keyword', 'keyword': 'in'}, {'sld': 'livinginmerseyside', 'type': 'unique'}]","[{'domain': 'madeingreatbritain.co.uk', 'price': 3132, 'year': 2012}, {'domain': 'madeindevon.co.uk', 'price': 1200, 'year': 2015}, {'domain': 'jobsinmiddlesbrough.co.uk', 'price': 1560, 'year': 2012}, {'domain': 'jobsinmanchester.co.uk', 'price': 1992, 'year': 2011}, {'domain': 'jobsinleicester.co.uk', 'price': 2713, 'year': 2012}, {'domain': 'jobsincardiff.co.uk', 'price': 1590, 'year': 2011}, {'domain': 'gigsinscotland.co.uk', 'price': 2145, 'year': 2009}, {'domain': 'hotelinlondon.co.uk', 'price': 1376, 'year': 2011}, {'domain': 'jobsincheltenham.co.uk', 'price': 1225, 'year': 2011}, {'domain': 'jobsinteesside.co.uk', 'price': 1570, 'year': 2012}]","[100, 25000]",100
158,OK,livinginnottinghamshire.co.uk,"[{'type': 'popular_keyword', 'keyword': 'in'}, {'sld': 'livinginnottinghamshire', 'type': 'unique'}]","[{'domain': 'madeingreatbritain.co.uk', 'price': 3132, 'year': 2012}, {'domain': 'madeindevon.co.uk', 'price': 1200, 'year': 2015}, {'domain': 'jobsincheltenham.co.uk', 'price': 1225, 'year': 2011}, {'domain': 'jobsinyorkshire.co.uk', 'price': 1570, 'year': 2012}, {'domain': 'hotelinlondon.co.uk', 'price': 1376, 'year': 2011}, {'domain': 'jobsinmanchester.co.uk', 'price': 1992, 'year': 2011}, {'domain': 'jobsincardiff.co.uk', 'price': 1590, 'year': 2011}, {'domain': 'jobsinmiddlesbrough.co.uk', 'price': 1560, 'year': 2012}, {'domain': 'gigsinscotland.co.uk', 'price': 2145, 'year': 2009}, {'domain': 'jobsinleicester.co.uk', 'price': 2713, 'year': 2012}]","[100, 25000]",100
159,OK,livinginsurrey.co.uk,"[{'type': 'popular_keyword', 'keyword': 'in'}, {'sld': 'livinginsurrey', 'type': 'short'}]","[{'domain': 'madeindevon.co.uk', 'price': 1200, 'year': 2015}, {'domain': 'hotelinlondon.co.uk', 'price': 1376, 'year': 2011}, {'domain': 'jobsincardiff.co.uk', 'price': 1590, 'year': 2011}, {'domain': 'jobsinleicester.co.uk', 'price': 2713, 'year': 2012}, {'domain': 'jobsinmanchester.co.uk', 'price': 1992, 'year': 2011}, {'domain': 'jobsinyorkshire.co.uk', 'price': 1570, 'year': 2012}, {'domain': 'jobsincheltenham.co.uk', 'price': 1225, 'year': 2011}, {'domain': 'madeingreatbritain.co.uk', 'price': 3132, 'year': 2012}, {'domain': 'gigsinscotland.co.uk', 'price': 2145, 'year': 2009}, {'domain': 'jobsinmiddlesbrough.co.uk', 'price': 1560, 'year': 2012}]","[100, 25000]",100
160,OK,livinginthewestcountry.co.uk,"[{'keyword2': 'living', 'keyword1': 'in the', 'type': 'popular_keywords'}, {'sld': 'livinginthewestcountry', 'type': 'unique'}]","[{'domain': 'universityofnorthtexas.xxx', 'price': 1000, 'year': 2011}, {'domain': 'workfromhomejobs.co.uk', 'price': 4290, 'year': 2011}, {'domain': 'sellmyhousefast.co.uk', 'price': 6360, 'year': 2012}, {'domain': 'greatwhitenorth420.online', 'price': 20, 'year': 2017}, {'domain': 'greatwhitenorth420.ca', 'price': 20, 'year': 2017}, {'domain': 'jamaicanblackcastoroil.co.uk', 'price': 1000, 'year': 2019}, {'domain': 'comparemycarinsure.co.uk', 'price': 3000, 'year': 2019}, {'domain': 'sellyourhomefast.co.uk', 'price': 1216, 'year': 2011}, {'domain': 'angelsanddemonstrailer.info', 'price': 5, 'year': 2009}, {'domain': 'thingstodoinlondon.co.uk', 'price': 3600, 'year': 2011}]","[100, 25000]",100
161,OK,livinginwilts.co.uk,"[{'type': 'popular_keyword', 'keyword': 'in'}, {'sld': 'livinginwilts', 'type': 'short'}]","[{'domain': 'madeindevon.co.uk', 'price': 1200, 'year': 2015}, {'domain': 'jobsinyork.co.uk', 'price': 2325, 'year': 2012}, {'domain': 'madeingreatbritain.co.uk', 'price': 3132, 'year': 2012}, {'domain': 'madeinchina.co.uk', 'price': 1280, 'year': 2012}, {'domain': 'hotelinlondon.co.uk', 'price': 1376, 'year': 2011}, {'domain': 'gigsinscotland.co.uk', 'price': 2145, 'year': 2009}, {'domain': 'jobsincardiff.co.uk', 'price': 1590, 'year': 2011}, {'domain': 'jobsinyorkshire.co.uk', 'price': 1570, 'year': 2012}, {'domain': 'jobsinleicester.co.uk', 'price': 2713, 'year': 2012}, {'domain': 'jobsinmanchester.co.uk', 'price': 1992, 'year': 2011}]","[100, 25000]",100
162,OK,moneymediadigest.com,"[{'keyword1_avg_sold_price': 2148, 'keyword1': 'money', 'keyword2_avg_sold_price': 1872, 'keyword2': 'media', 'type': 'valuable_keywords'}, {'keyword2': 'money', 'keyword1': 'media', 'type': 'popular_keywords'}, {'type': 'great_extension'}]","[{'domain': 'socialmediaforums.com', 'price': 1000, 'year': 2013}, {'domain': 'massmedianetwork.com', 'price': 995, 'year': 2014}, {'domain': 'focusmedianetwork.com', 'price': 577, 'year': 2014}, {'domain': 'digitalmediareview.com', 'price': 1195, 'year': 2013}, {'domain': 'moneyshareforum.com', 'price': 100, 'year': 2013}, {'domain': 'onlinemedianet.com', 'price': 1000, 'year': 2013}, {'domain': 'socialmediahacks.com', 'price': 1288, 'year': 2017}, {'domain': 'businessnewsdigest.com', 'price': 350, 'year': 2014}, {'domain': 'themediainstitute.com', 'price': 1100, 'year': 2010}, {'domain': 'moneylinedirect.com', 'price': 1195, 'year': 2019}]","[100, 25000]",1170
163,OK,planeandpilot.co.uk,"[{'avg_sold_price': 1969, 'type': 'valuable_keyword', 'keyword': 'pilot'}, {'sld': 'planeandpilot', 'type': 'short'}]","[{'domain': 'timeandspace.us', 'price': 15, 'year': 2015}, {'domain': 'sailandstay.co.uk', 'price': 1837, 'year': 2009}, {'domain': 'catanddog.info', 'price': 39, 'year': 2013}, {'domain': 'harperandlewis.co.uk', 'price': 400, 'year': 2016}, {'domain': 'aircraftcarrier.co.uk', 'price': 83, 'year': 2019}, {'domain': 'parkandfly.co.uk', 'price': 2135, 'year': 2017}, {'domain': 'framingandstamping.co.uk', 'price': 25, 'year': 2019}, {'domain': 'liveandkicking.co.uk', 'price': 477, 'year': 2013}, {'domain': 'skipforhire.co.uk', 'price': 199, 'year': 2019}, {'domain': 'fruitandveg.co.uk', 'price': 5735, 'year': 2008}]","[100, 25000]",100
164,OK,the4wdexpert.co.uk,"[{'type': 'popular_keyword', 'keyword': 'the'}, {'sld': 'the4wdexpert', 'type': 'short'}]","[{'domain': 'thefreewebsitedirectory.co.uk', 'price': 1610, 'year': 2009}, {'domain': 'thefreewebdirectory.info', 'price': 28, 'year': 2017}, {'domain': 'thedogtrainingreview.info', 'price': 30, 'year': 2012}, {'domain': 'fixedfeelegaladvice.co.uk', 'price': 300, 'year': 2019}, {'domain': 'freehorseracingtips.co.uk', 'price': 1953, 'year': 2012}, {'domain': 'mylinkbuldingspot.info', 'price': 280, 'year': 2013}, {'domain': 'workfromhomejobs.co.uk', 'price': 4290, 'year': 2011}, {'domain': 'thejumpmanualreview.info', 'price': 28, 'year': 2018}, {'domain': 'thingstodoinlondon.co.uk', 'price': 3600, 'year': 2011}, {'domain': 'water4gaskits.info', 'price': 50, 'year': 2013}]","[100, 25000]",100
165,OK,thebusexpert.com,"[{'type': 'popular_keyword', 'keyword': 'the'}, {'type': 'great_extension'}, {'sld': 'thebusexpert', 'type': 'short'}]","[{'domain': 'thejobexpert.com', 'price': 1088, 'year': 2018}, {'domain': 'thecarexpert.com', 'price': 299, 'year': 2017}, {'domain': 'thepoolexpert.com', 'price': 1000, 'year': 2014}, {'domain': 'thebusservice.com', 'price': 50, 'year': 2013}, {'domain': 'thebusbench.com', 'price': 306, 'year': 2015}, {'domain': 'theweddingexpert.com', 'price': 988, 'year': 2015}, {'domain': 'thecondoexpert.com', 'price': 1500, 'year': 2005}, {'domain': 'theseoexpert.com', 'price': 688, 'year': 2012}, {'domain': 'theblogexpert.com', 'price': 650, 'year': 2013}, {'domain': 'theeventportal.com', 'price': 995, 'year': 2019}]","[100, 25000]",1270
166,OK,thecarexpert.uk,"[{'type': 'popular_keyword', 'keyword': 'the'}, {'domain': 'thecarexpert.com', 'type': 'other_extension_sold'}, {'sld': 'thecarexpert', 'type': 'short'}, {'sld': 'thecarexpert', 'num_of_other_tlds_in_use': 4, 'type': 'extensions_taken'}]","[{'domain': 'thecarexpert.com', 'price': 299, 'year': 2017}, {'domain': 'thelakeclinic.work', 'price': 20, 'year': 2017}, {'domain': 'theplantjournal.info', 'price': 50, 'year': 2018}, {'domain': 'thefrenches.online', 'price': 20, 'year': 2019}, {'domain': 'nationalcarrental.ind.in', 'price': 1500, 'year': 2012}, {'domain': 'thehotelfinder.info', 'price': 25, 'year': 2010}, {'domain': 'thelifequote.info', 'price': 20, 'year': 2013}, {'domain': 'thegpsblog.info', 'price': 10, 'year': 2009}, {'domain': 'theunitedparty.uk', 'price': 130, 'year': 2019}, {'domain': 'themobileguide.info', 'price': 99, 'year': 2010}]","[100, 25000]",100
167,OK,thetaxiexpert.com,"[{'keyword2': 'taxi', 'keyword1': 'expert', 'type': 'popular_keywords'}, {'type': 'great_extension'}, {'sld': 'thetaxiexpert', 'type': 'short'}]","[{'domain': 'piximap.com', 'price': 500, 'year': 2019}, {'domain': 'thejobexpert.com', 'price': 1088, 'year': 2018}, {'domain': 'deltaproactive.com', 'price': 1288, 'year': 2017}, {'domain': 'xbisolutions.com', 'price': 1494, 'year': 2017}, {'domain': 'thebrandexpert.com', 'price': 1997, 'year': 2017}, {'domain': 'pixilighting.com', 'price': 1000, 'year': 2013}, {'domain': 'theskinexperts.com', 'price': 899, 'year': 2017}, {'domain': 'moxipure.com', 'price': 995, 'year': 2019}, {'domain': 'atechsolution.com', 'price': 1177, 'year': 2017}, {'domain': 'labellingexpert.com', 'price': 988, 'year': 2016}]","[100, 25000]",1212
168,OK,tuffkit.co.uk,"[{'avg_sold_price': 2005, 'type': 'valuable_keyword', 'keyword': 'tuff'}, {'domain': 'tuffkit.co.uk', 'type': 'memorable'}, {'sld': 'tuffkit', 'type': 'short'}]","[{'domain': 'stitchkits.co.uk', 'price': 699, 'year': 2013}, {'domain': 'pokit.co', 'price': 77, 'year': 2014}, {'domain': 'babylab.co.uk', 'price': 3000, 'year': 2015}, {'domain': 'coolguys.co.uk', 'price': 150, 'year': 2018}, {'domain': 'snowgear.co.uk', 'price': 1450, 'year': 2013}, {'domain': 'schoolkit.co.uk', 'price': 625, 'year': 2019}, {'domain': 'greenbox.co.uk', 'price': 2597, 'year': 2019}, {'domain': 'rubbermats.co.uk', 'price': 3250, 'year': 2013}, {'domain': 'proshop.co.uk', 'price': 11800, 'year': 2017}, {'domain': 'flexispace.co.uk', 'price': 1405, 'year': 2012}]","[100, 25000]",100
169,OK,boatandskipper.co.uk,"[{'type': 'popular_keyword', 'keyword': 'and'}, {'sld': 'boatandskipper', 'type': 'short'}]","[{'domain': 'sailandstay.co.uk', 'price': 1837, 'year': 2009}, {'domain': 'timeandspace.us', 'price': 15, 'year': 2015}, {'domain': 'harperandlewis.co.uk', 'price': 400, 'year': 2016}, {'domain': 'homeandaway.co.uk', 'price': 17270, 'year': 2012}, {'domain': 'parkandfly.co.uk', 'price': 2135, 'year': 2017}, {'domain': 'fruitandveg.co.uk', 'price': 5735, 'year': 2008}, {'domain': 'franklinandmarshall.co.uk', 'price': 1064, 'year': 2015}, {'domain': 'canoesandkayaks.info', 'price': 10, 'year': 2008}, {'domain': 'framingandstamping.co.uk', 'price': 25, 'year': 2019}, {'domain': 'homeandgardens.co.uk', 'price': 1120, 'year': 2011}]","[100, 25000]",100
170,OK,drivendata.co.uk,"[{'type': 'popular_keyword', 'keyword': 'data'}, {'domain': 'drivendata.co.uk', 'type': 'memorable'}, {'sld': 'drivendata', 'type': 'short'}, {'sld': 'drivendata', 'num_of_other_tlds_in_use': 4, 'type': 'extensions_taken'}]","[{'domain': 'mediadata.co.uk', 'price': 625, 'year': 2019}, {'domain': 'digitalpress.co.uk', 'price': 799, 'year': 2018}, {'domain': 'coredata.eu', 'price': 2320, 'year': 2017}, {'domain': 'fastdata.co.uk', 'price': 1920, 'year': 2013}, {'domain': 'teradata.co.uk', 'price': 3680, 'year': 2010}, {'domain': 'datadriven.city', 'price': 3699, 'year': 2019}, {'domain': 'activeskills.co.uk', 'price': 799, 'year': 2019}, {'domain': 'smartdata.biz', 'price': 399, 'year': 2017}, {'domain': 'positivehealth.co.uk', 'price': 1090, 'year': 2018}, {'domain': 'caredata.co.uk', 'price': 1294, 'year': 2010}]","[100, 25000]",855
171,OK,livingincambridgeshire.co.uk,"[{'type': 'popular_keyword', 'keyword': 'in'}, {'sld': 'livingincambridgeshire', 'type': 'unique'}]","[{'domain': 'madeingreatbritain.co.uk', 'price': 3132, 'year': 2012}, {'domain': 'madeindevon.co.uk', 'price': 1200, 'year': 2015}, {'domain': 'jobsinmanchester.co.uk', 'price': 1992, 'year': 2011}, {'domain': 'jobsinmiddlesbrough.co.uk', 'price': 1560, 'year': 2012}, {'domain': 'hotelinlondon.co.uk', 'price': 1376, 'year': 2011}, {'domain': 'jobsinleicester.co.uk', 'price': 2713, 'year': 2012}, {'domain': 'jobsinyorkshire.co.uk', 'price': 1570, 'year': 2012}, {'domain': 'jobsincheltenham.co.uk', 'price': 1225, 'year': 2011}, {'domain': 'gigsinscotland.co.uk', 'price': 2145, 'year': 2009}, {'domain': 'jobsincardiff.co.uk', 'price': 1590, 'year': 2011}]","[100, 25000]",100
172,OK,livingineastsussex.co.uk,"[{'type': 'popular_keyword', 'keyword': 'in'}, {'sld': 'livingineastsussex', 'type': 'unique'}]","[{'domain': 'madeingreatbritain.co.uk', 'price': 3132, 'year': 2012}, {'domain': 'madeindevon.co.uk', 'price': 1200, 'year': 2015}, {'domain': 'jobsinmanchester.co.uk', 'price': 1992, 'year': 2011}, {'domain': 'jobsinyorkshire.co.uk', 'price': 1570, 'year': 2012}, {'domain': 'jobsinleicester.co.uk', 'price': 2713, 'year': 2012}, {'domain': 'hotelinlondon.co.uk', 'price': 1376, 'year': 2011}, {'domain': 'jobsincardiff.co.uk', 'price': 1590, 'year': 2011}, {'domain': 'jobsinmiddlesbrough.co.uk', 'price': 1560, 'year': 2012}, {'domain': 'gigsinscotland.co.uk', 'price': 2145, 'year': 2009}, {'domain': 'jobsincheltenham.co.uk', 'price': 1225, 'year': 2011}]","[100, 25000]",100
173,OK,livinginkentandeastsussex.co.uk,"[{'type': 'popular_keyword', 'keyword': 'and'}, {'sld': 'livinginkentandeastsussex', 'type': 'unique'}]","[{'domain': 'devereluxurylodges.co.uk', 'price': 250, 'year': 2016}, {'domain': 'motherofthebrideoutfits.co.uk', 'price': 5696, 'year': 2011}, {'domain': 'debentures.co.uk', 'price': 1154, 'year': 2015}, {'domain': 'joghurtmitderbuttermilch.de', 'price': 7150, 'year': 2009}, {'domain': 'theonestopphoneshop.co.uk', 'price': 1708, 'year': 2006}, {'domain': 'timetorenewyourbody.info', 'price': 50, 'year': 2014}, {'domain': 'vegeterraneanrestaurant.us', 'price': 10, 'year': 2008}, {'domain': 'vegeterraneanrestaurant.biz', 'price': 10, 'year': 2008}, {'domain': 'vegeterraneanrestaurant.info', 'price': 10, 'year': 2008}, {'domain': 'fisherpriceforlittlepeople.info', 'price': 59, 'year': 2012}]","[100, 25000]",100
174,OK,livinginnorthants.co.uk,"[{'keyword2': 'north', 'keyword1': 'living', 'type': 'popular_keywords'}, {'sld': 'livinginnorthants', 'type': 'unique'}]","[{'domain': 'madeindevon.co.uk', 'price': 1200, 'year': 2015}, {'domain': 'madeingreatbritain.co.uk', 'price': 3132, 'year': 2012}, {'domain': 'madeinchina.co.uk', 'price': 1280, 'year': 2012}, {'domain': 'jobsinyork.co.uk', 'price': 2325, 'year': 2012}, {'domain': 'jobsincheltenham.co.uk', 'price': 1225, 'year': 2011}, {'domain': 'hotelinlondon.co.uk', 'price': 1376, 'year': 2011}, {'domain': 'jobsinyorkshire.co.uk', 'price': 1570, 'year': 2012}, {'domain': 'jobsinmanchester.co.uk', 'price': 1992, 'year': 2011}, {'domain': 'jobsinmiddlesbrough.co.uk', 'price': 1560, 'year': 2012}, {'domain': 'jobsinteesside.co.uk', 'price': 1570, 'year': 2012}]","[100, 25000]",100
175,OK,livinginsussex.co.uk,"[{'type': 'popular_keyword', 'keyword': 'in'}, {'sld': 'livinginsussex', 'type': 'short'}]","[{'domain': 'madeindevon.co.uk', 'price': 1200, 'year': 2015}, {'domain': 'jobsinyorkshire.co.uk', 'price': 1570, 'year': 2012}, {'domain': 'hotelinlondon.co.uk', 'price': 1376, 'year': 2011}, {'domain': 'madeingreatbritain.co.uk', 'price': 3132, 'year': 2012}, {'domain': 'jobsinleicester.co.uk', 'price': 2713, 'year': 2012}, {'domain': 'jobsincardiff.co.uk', 'price': 1590, 'year': 2011}, {'domain': 'jobsinmanchester.co.uk', 'price': 1992, 'year': 2011}, {'domain': 'jobsincheltenham.co.uk', 'price': 1225, 'year': 2011}, {'domain': 'gigsinscotland.co.uk', 'price': 2145, 'year': 2009}, {'domain': 'jobsinteesside.co.uk', 'price': 1570, 'year': 2012}]","[100, 25000]",100
176,OK,livingintyneside.co.uk,"[{'keyword2': 'side', 'keyword1': 'living', 'type': 'popular_keywords'}, {'sld': 'livingintyneside', 'type': 'unique'}]","[{'domain': 'madeindevon.co.uk', 'price': 1200, 'year': 2015}, {'domain': 'madeingreatbritain.co.uk', 'price': 3132, 'year': 2012}, {'domain': 'madeinchina.co.uk', 'price': 1280, 'year': 2012}, {'domain': 'hotelinlondon.co.uk', 'price': 1376, 'year': 2011}, {'domain': 'jobsinyorkshire.co.uk', 'price': 1570, 'year': 2012}, {'domain': 'jobsinmiddlesbrough.co.uk', 'price': 1560, 'year': 2012}, {'domain': 'jobsinmanchester.co.uk', 'price': 1992, 'year': 2011}, {'domain': 'jobsincheltenham.co.uk', 'price': 1225, 'year': 2011}, {'domain': 'jobsinteesside.co.uk', 'price': 1570, 'year': 2012}, {'domain': 'gigsinscotland.co.uk', 'price': 2145, 'year': 2009}]","[100, 25000]",100
177,OK,moneyandmotors.com,"[{'avg_sold_price': 2148, 'type': 'valuable_keyword', 'keyword': 'money'}, {'keyword2': 'motors', 'keyword1': 'money', 'type': 'popular_keywords'}, {'type': 'great_extension'}, {'sld': 'moneyandmotors', 'type': 'short'}]","[{'domain': 'moneyandpower.com', 'price': 1488, 'year': 2004}, {'domain': 'moneyandmarkets.com', 'price': 1688, 'year': 2005}, {'domain': 'moneyandbanking.com', 'price': 1699, 'year': 2014}, {'domain': 'moneyforcars.com', 'price': 1481, 'year': 2011}, {'domain': 'moneyandtaxes.com', 'price': 1700, 'year': 2013}, {'domain': 'moneyandmagic.com', 'price': 1188, 'year': 2011}, {'domain': 'moneyandfame.com', 'price': 1100, 'year': 2010}, {'domain': 'moneyandfreedom.com', 'price': 1188, 'year': 2019}, {'domain': 'moneyandbusiness.com', 'price': 1000, 'year': 2010}, {'domain': 'moneyandfinances.com', 'price': 50, 'year': 2016}]","[100, 25000]",1553
178,OK,newtruckinfo.co.uk,"[{'avg_sold_price': 2019, 'type': 'valuable_keyword', 'keyword': 'truck'}, {'keyword2': 'truck', 'keyword1': 'info', 'type': 'popular_keywords'}, {'sld': 'newtruckinfo', 'type': 'short'}]","[{'domain': 'newcarreviews.com.au', 'price': 1450, 'year': 2013}, {'domain': 'sparepartsonline.co.uk', 'price': 2310, 'year': 2013}, {'domain': 'newbusinessonline.xyz', 'price': 799, 'year': 2019}, {'domain': 'newproxyactive.info', 'price': 15, 'year': 2009}, {'domain': 'lifeboatlettings.co.uk', 'price': 325, 'year': 2019}, {'domain': 'bestcarbuy.co.uk', 'price': 2025, 'year': 2014}, {'domain': 'newtocanada.ca', 'price': 2500, 'year': 2018}, {'domain': 'cheapautoinsurance.co.uk', 'price': 3500, 'year': 2016}, {'domain': 'secondtimeround.co.uk', 'price': 4950, 'year': 2009}, {'domain': 'newgensoftware.info', 'price': 499, 'year': 2017}]","[100, 25000]",100
179,OK,the4wdexpert.com,"[{'type': 'popular_keyword', 'keyword': 'the'}, {'type': 'great_extension'}, {'sld': 'the4wdexpert', 'type': 'short'}]","[{'domain': 'the4xgroup.com', 'price': 588, 'year': 2006}, {'domain': 'the3dman.com', 'price': 300, 'year': 2019}, {'domain': 'the4x4.com', 'price': 800, 'year': 2017}, {'domain': 'theb2becommercespot.com', 'price': 150, 'year': 2014}, {'domain': 'theoffgridexperts.com', 'price': 185, 'year': 2016}, {'domain': 'theshaggsonline.com', 'price': 150, 'year': 2013}, {'domain': 'thedotcomsite.com', 'price': 160, 'year': 2013}, {'domain': 'therealfoodrevolution.com', 'price': 300, 'year': 2015}, {'domain': 'thepartygirlsusa.com', 'price': 252, 'year': 2016}, {'domain': 'the1ksa.com', 'price': 349, 'year': 2017}]","[100, 25000]",247
180,OK,thecarexpert.com.au,"[{'type': 'popular_keyword', 'keyword': 'the'}, {'domain': 'thecarexpert.com', 'type': 'other_extension_sold'}, {'sld': 'thecarexpert', 'type': 'short'}, {'sld': 'thecarexpert', 'num_of_other_tlds_in_use': 4, 'type': 'extensions_taken'}]","[{'domain': 'thecarexpert.com', 'price': 299, 'year': 2017}, {'domain': 'newcarreviews.com.au', 'price': 1450, 'year': 2013}, {'domain': 'freecarsales.com.au', 'price': 1039, 'year': 2015}, {'domain': 'yourcarports.info', 'price': 499, 'year': 2009}, {'domain': 'thedutyzone.xyz', 'price': 725, 'year': 2019}, {'domain': 'theplantjournal.info', 'price': 50, 'year': 2018}, {'domain': 'brisbanecarhire.com.au', 'price': 1511, 'year': 2013}, {'domain': 'thesceniclabs.co.uk', 'price': 525, 'year': 2019}, {'domain': 'themobileguide.info', 'price': 99, 'year': 2010}, {'domain': 'cheapcarloans.com.au', 'price': 1098, 'year': 2015}]","[100, 25000]",532
181,OK,thereviewbank.co.uk,"[{'keyword1_avg_sold_price': 2597, 'keyword1': 'bank', 'keyword2_avg_sold_price': 1856, 'type': 'valuable_keywords', 'keyword2': 'review'}, {'keyword2': 'review', 'keyword1': 'bank', 'type': 'popular_keywords'}, {'sld': 'thereviewbank', 'type': 'short'}]","[{'domain': 'thebusinessindex.co.uk', 'price': 1600, 'year': 2013}, {'domain': 'theretailpeople.co.uk', 'price': 2500, 'year': 2015}, {'domain': 'thebookclub.co.uk', 'price': 3504, 'year': 2011}, {'domain': 'thebestdeals.co.uk', 'price': 2440, 'year': 2017}, {'domain': 'theauctionhouse.co.uk', 'price': 3230, 'year': 2009}, {'domain': 'therightmortgage.co.uk', 'price': 1162, 'year': 2012}, {'domain': 'thebestfood.info', 'price': 65, 'year': 2012}, {'domain': 'thewealthtree.co.uk', 'price': 967, 'year': 2017}, {'domain': 'theweathernetwork.co.uk', 'price': 3125, 'year': 2012}, {'domain': 'theonlineshopper.co', 'price': 995, 'year': 2015}]","[100, 25000]",100
182,OK,thevanexpert.com,"[{'type': 'popular_keyword', 'keyword': 'the'}, {'type': 'great_extension'}, {'sld': 'thevanexpert', 'type': 'short'}]","[{'domain': 'thecarexpert.com', 'price': 299, 'year': 2017}, {'domain': 'thejobexpert.com', 'price': 1088, 'year': 2018}, {'domain': 'thepoolexpert.com', 'price': 1000, 'year': 2014}, {'domain': 'thevanpool.com', 'price': 299, 'year': 2014}, {'domain': 'thehomeexpert.com', 'price': 1400, 'year': 2012}, {'domain': 'thetelecomexpert.com', 'price': 377, 'year': 2013}, {'domain': 'theweddingexpert.com', 'price': 988, 'year': 2015}, {'domain': 'thecondoexpert.com', 'price': 1500, 'year': 2005}, {'domain': 'theseoexpert.com', 'price': 688, 'year': 2012}, {'domain': 'theroofexperts.com', 'price': 688, 'year': 2011}]","[100, 25000]",1161
183,OK,busandcoachtechnology.com,"[{'keyword2': 'technology', 'keyword1': 'coach', 'type': 'popular_keywords'}, {'type': 'great_extension'}]","[{'domain': 'mindandbodysolutions.com', 'price': 1000, 'year': 2016}, {'domain': 'hotelandtraveldirectory.com', 'price': 688, 'year': 2009}, {'domain': 'nightanddaypediatrics.com', 'price': 900, 'year': 2017}, {'domain': 'salesandmarketingstrategy.com', 'price': 588, 'year': 2014}, {'domain': 'cleanandshineservices.com', 'price': 795, 'year': 2019}, {'domain': 'carandvanhire.com', 'price': 800, 'year': 2010}, {'domain': 'healthandnutritionnews.com', 'price': 968, 'year': 2019}, {'domain': 'chicandthegeeks.com', 'price': 1000, 'year': 2019}, {'domain': 'martinandmartinauctions.com', 'price': 900, 'year': 2014}, {'domain': 'rentandownproperty.com', 'price': 300, 'year': 2019}]","[100, 25000]",928
184,OK,inluk.com,"[{'type': 'great_extension'}, {'sld': 'inluk', 'type': 'short'}]","[{'domain': 'inotz.com', 'price': 1795, 'year': 2016}, {'domain': 'inzar.com', 'price': 2688, 'year': 2008}, {'domain': 'inzta.com', 'price': 2512, 'year': 2019}, {'domain': 'insic.com', 'price': 1380, 'year': 2008}, {'domain': 'inkub.com', 'price': 3000, 'year': 2013}, {'domain': 'inkey.com', 'price': 1177, 'year': 2012}, {'domain': 'inzol.com', 'price': 500, 'year': 2013}, {'domain': 'inlee.com', 'price': 2000, 'year': 2019}, {'domain': 'inxap.com', 'price': 1994, 'year': 2016}, {'domain': 'inreco.com', 'price': 2000, 'year': 2017}]","[100, 25000]",1509
185,OK,livingindurham.co.uk,"[{'type': 'popular_keyword', 'keyword': 'in'}, {'sld': 'livingindurham', 'type': 'short'}, {'sld': 'livingindurham', 'num_of_other_tlds_in_use': 1, 'type': 'extensions_taken'}]","[{'domain': 'madeindevon.co.uk', 'price': 1200, 'year': 2015}, {'domain': 'jobsinyork.co.uk', 'price': 2325, 'year': 2012}, {'domain': 'madeingreatbritain.co.uk', 'price': 3132, 'year': 2012}, {'domain': 'hotelinlondon.co.uk', 'price': 1376, 'year': 2011}, {'domain': 'jobsinmanchester.co.uk', 'price': 1992, 'year': 2011}, {'domain': 'jobsinmiddlesbrough.co.uk', 'price': 1560, 'year': 2012}, {'domain': 'jobsincardiff.co.uk', 'price': 1590, 'year': 2011}, {'domain': 'jobsinleicester.co.uk', 'price': 2713, 'year': 2012}, {'domain': 'jobsincheltenham.co.uk', 'price': 1225, 'year': 2011}, {'domain': 'jobsinteesside.co.uk', 'price': 1570, 'year': 2012}]","[100, 25000]",100
186,OK,livinginlakedistrict.co.uk,"[{'avg_sold_price': 1819, 'type': 'valuable_keyword', 'keyword': 'district'}, {'keyword2': 'lake', 'keyword1': 'living', 'type': 'popular_keywords'}]","[{'domain': 'workfromhomejobs.co.uk', 'price': 4290, 'year': 2011}, {'domain': 'cominhomesong.us', 'price': 10, 'year': 2014}, {'domain': 'workfromhomejobs.co', 'price': 15, 'year': 2014}, {'domain': 'churchinyourpjs.tv', 'price': 280, 'year': 2013}, {'domain': 'thingstodoinlondon.co.uk', 'price': 3600, 'year': 2011}, {'domain': 'lifeinsuranceratespoint.info', 'price': 10, 'year': 2014}, {'domain': 'workfromhomejob.me', 'price': 18, 'year': 2013}, {'domain': 'jeinnylizarazo.tv', 'price': 100, 'year': 2015}, {'domain': 'thefreewebsitedirectory.co.uk', 'price': 1610, 'year': 2009}, {'domain': 'workfrommyhome.info', 'price': 10, 'year': 2012}]","[100, 25000]",100
187,OK,livinginscotland.co.uk,"[{'type': 'popular_keyword', 'keyword': 'in'}, {'sld': 'livinginscotland', 'type': 'unique'}]","[{'domain': 'madeingreatbritain.co.uk', 'price': 3132, 'year': 2012}, {'domain': 'gigsinscotland.co.uk', 'price': 2145, 'year': 2009}, {'domain': 'madeindevon.co.uk', 'price': 1200, 'year': 2015}, {'domain': 'madeinchina.co.uk', 'price': 1280, 'year': 2012}, {'domain': 'hotelinlondon.co.uk', 'price': 1376, 'year': 2011}, {'domain': 'jobsinyorkshire.co.uk', 'price': 1570, 'year': 2012}, {'domain': 'jobsinleicester.co.uk', 'price': 2713, 'year': 2012}, {'domain': 'jobsinmanchester.co.uk', 'price': 1992, 'year': 2011}, {'domain': 'jobsincardiff.co.uk', 'price': 1590, 'year': 2011}, {'domain': 'jobsincheltenham.co.uk', 'price': 1225, 'year': 2011}]","[100, 25000]",100
188,OK,livinginthewesternisles.co.uk,"[{'avg_sold_price': 2417, 'type': 'valuable_keyword', 'keyword': 'isles'}, {'keyword2': 'living', 'keyword1': 'in the', 'type': 'popular_keywords'}]","[{'domain': 'workfromhomejobs.co.uk', 'price': 4290, 'year': 2011}, {'domain': 'jamaicanblackcastoroil.co.uk', 'price': 1000, 'year': 2019}, {'domain': 'universityofnorthtexas.xxx', 'price': 1000, 'year': 2011}, {'domain': 'nodepositonlinecasino.co.uk', 'price': 1000, 'year': 2016}, {'domain': 'edinburghbedandbreakfasts.co.uk', 'price': 1920, 'year': 2008}, {'domain': 'freehorseracingtips.co.uk', 'price': 1953, 'year': 2012}, {'domain': 'comparemycarinsure.co.uk', 'price': 3000, 'year': 2019}, {'domain': 'outofthisworld.co.uk', 'price': 3200, 'year': 2012}, {'domain': 'foraneasierlife.co.uk', 'price': 2580, 'year': 2010}, {'domain': 'loveatfirstsight.mobi', 'price': 10, 'year': 2008}]","[100, 25000]",100
189,OK,motorsandmoney.com,"[{'avg_sold_price': 2148, 'type': 'valuable_keyword', 'keyword': 'money'}, {'keyword2': 'motors', 'keyword1': 'money', 'type': 'popular_keywords'}, {'type': 'great_extension'}, {'sld': 'motorsandmoney', 'type': 'short'}]","[{'domain': 'savingsandmoney.com', 'price': 1250, 'year': 2011}, {'domain': 'classicsandcoffee.com', 'price': 1500, 'year': 2018}, {'domain': 'electronicsandmore.com', 'price': 1488, 'year': 2008}, {'domain': 'tractorsandmore.com', 'price': 1588, 'year': 2009}, {'domain': 'workandmoney.com', 'price': 888, 'year': 2017}, {'domain': 'goldandcash.com', 'price': 750, 'year': 2018}, {'domain': 'financeandincome.com', 'price': 20, 'year': 2015}, {'domain': 'carsandstyle.com', 'price': 477, 'year': 2015}, {'domain': 'godandmoney.com', 'price': 1000, 'year': 2007}, {'domain': 'mowersandmore.com', 'price': 1600, 'year': 2014}]","[100, 25000]",1506
190,OK,speechwritingacademy.com,"[{'type': 'popular_keyword', 'keyword': 'academy'}, {'type': 'great_extension'}]","[{'domain': 'speechlanguageservices.com', 'price': 1095, 'year': 2019}, {'domain': 'speechrecognitionforum.com', 'price': 720, 'year': 2012}, {'domain': 'copywritingtutorials.com', 'price': 688, 'year': 2008}, {'domain': 'kidscodingacademy.com', 'price': 2395, 'year': 2018}, {'domain': 'bookpublishingacademy.com', 'price': 653, 'year': 2017}, {'domain': 'creativekidsacademy.com', 'price': 1088, 'year': 2016}, {'domain': 'thecareeracademy.com', 'price': 979, 'year': 2017}, {'domain': 'copywriting101.com', 'price': 899, 'year': 2013}, {'domain': 'selfpublishinguniversity.com', 'price': 1079, 'year': 2019}, {'domain': 'marketingbusinessacademy.com', 'price': 1000, 'year': 2013}]","[100, 25000]",1155
191,OK,thecarexpert.in,"[{'type': 'popular_keyword', 'keyword': 'the'}, {'domain': 'thecarexpert.com', 'type': 'other_extension_sold'}, {'sld': 'thecarexpert', 'type': 'short'}, {'sld': 'thecarexpert', 'num_of_other_tlds_in_use': 3, 'type': 'extensions_taken'}]","[{'domain': 'thecarexpert.com', 'price': 299, 'year': 2017}, {'domain': 'theplantjournal.info', 'price': 50, 'year': 2018}, {'domain': 'thehotelfinder.info', 'price': 25, 'year': 2010}, {'domain': 'thelifequote.info', 'price': 20, 'year': 2013}, {'domain': 'thegpsblog.info', 'price': 10, 'year': 2009}, {'domain': 'themobileguide.info', 'price': 99, 'year': 2010}, {'domain': 'thebusinesszone.mobi', 'price': 10, 'year': 2013}, {'domain': 'thepetshop.info', 'price': 14, 'year': 2010}, {'domain': 'thebusinesszone.biz', 'price': 10, 'year': 2012}, {'domain': 'thebusinesszone.tv', 'price': 10, 'year': 2012}]","[100, 25000]",100
192,OK,thetransportexpert.com,"[{'avg_sold_price': 2039, 'type': 'valuable_keyword', 'keyword': 'transport'}, {'keyword2': 'transport', 'keyword1': 'expert', 'type': 'popular_keywords'}, {'type': 'great_extension'}]","[{'domain': 'theinsuranceexpert.com', 'price': 995, 'year': 2018}, {'domain': 'thetelecomexpert.com', 'price': 377, 'year': 2013}, {'domain': 'theplumbingexperts.com', 'price': 999, 'year': 2017}, {'domain': 'thepoolexpert.com', 'price': 1000, 'year': 2014}, {'domain': 'thepackagingexperts.com', 'price': 688, 'year': 2015}, {'domain': 'theautospecialist.com', 'price': 995, 'year': 2017}, {'domain': 'themaintenancepros.com', 'price': 788, 'year': 2013}, {'domain': 'thefundingexperts.com', 'price': 995, 'year': 2018}, {'domain': 'theaviationexperts.com', 'price': 50, 'year': 2017}, {'domain': 'thetaxexpert.com', 'price': 666, 'year': 2012}]","[100, 25000]",964
193,OK,coachmakers.com,"[{'type': 'popular_keyword', 'keyword': 'coach'}, {'domain': 'coachmakers.com', 'type': 'memorable'}, {'type': 'great_extension'}, {'sld': 'coachmakers', 'type': 'short'}]","[{'domain': 'teammakers.com', 'price': 1300, 'year': 2010}, {'domain': 'coachconnection.com', 'price': 3100, 'year': 2013}, {'domain': 'coachcity.com', 'price': 2195, 'year': 2018}, {'domain': 'mojomakers.com', 'price': 2195, 'year': 2015}, {'domain': 'mastermakers.com', 'price': 2625, 'year': 2019}, {'domain': 'coachbuilders.com', 'price': 2800, 'year': 2009}, {'domain': 'coachstation.com', 'price': 2100, 'year': 2012}, {'domain': 'coachmarket.com', 'price': 2000, 'year': 2015}, {'domain': 'matemakers.com', 'price': 1400, 'year': 2006}, {'domain': 'storemakers.com', 'price': 3216, 'year': 2017}]","[100, 25000]",2487
194,OK,livingincornwall.co.uk,"[{'type': 'popular_keyword', 'keyword': 'in'}, {'sld': 'livingincornwall', 'num_of_other_tlds_in_use': 1, 'type': 'extensions_taken'}]","[{'domain': 'madeindevon.co.uk', 'price': 1200, 'year': 2015}, {'domain': 'madeingreatbritain.co.uk', 'price': 3132, 'year': 2012}, {'domain': 'hotelinlondon.co.uk', 'price': 1376, 'year': 2011}, {'domain': 'jobsinyorkshire.co.uk', 'price': 1570, 'year': 2012}, {'domain': 'gigsinscotland.co.uk', 'price': 2145, 'year': 2009}, {'domain': 'jobsincardiff.co.uk', 'price': 1590, 'year': 2011}, {'domain': 'jobsincheltenham.co.uk', 'price': 1225, 'year': 2011}, {'domain': 'jobsinleicester.co.uk', 'price': 2713, 'year': 2012}, {'domain': 'jobsinmanchester.co.uk', 'price': 1992, 'year': 2011}, {'domain': 'jobsinmiddlesbrough.co.uk', 'price': 1560, 'year': 2012}]","[100, 25000]",100
195,OK,livinginherefordshire.co.uk,"[{'type': 'popular_keyword', 'keyword': 'in'}, {'sld': 'livinginherefordshire', 'type': 'unique'}]","[{'domain': 'madeingreatbritain.co.uk', 'price': 3132, 'year': 2012}, {'domain': 'madeindevon.co.uk', 'price': 1200, 'year': 2015}, {'domain': 'jobsincheltenham.co.uk', 'price': 1225, 'year': 2011}, {'domain': 'jobsinmanchester.co.uk', 'price': 1992, 'year': 2011}, {'domain': 'jobsinleicester.co.uk', 'price': 2713, 'year': 2012}, {'domain': 'jobsinyorkshire.co.uk', 'price': 1570, 'year': 2012}, {'domain': 'hotelinlondon.co.uk', 'price': 1376, 'year': 2011}, {'domain': 'jobsincardiff.co.uk', 'price': 1590, 'year': 2011}, {'domain': 'gigsinscotland.co.uk', 'price': 2145, 'year': 2009}, {'domain': 'jobsinmiddlesbrough.co.uk', 'price': 1560, 'year': 2012}]","[100, 25000]",100
196,OK,livinginshropshire.co.uk,"[{'type': 'popular_keyword', 'keyword': 'in'}, {'sld': 'livinginshropshire', 'type': 'unique'}]","[{'domain': 'madeindevon.co.uk', 'price': 1200, 'year': 2015}, {'domain': 'madeingreatbritain.co.uk', 'price': 3132, 'year': 2012}, {'domain': 'jobsinyorkshire.co.uk', 'price': 1570, 'year': 2012}, {'domain': 'jobsinleicester.co.uk', 'price': 2713, 'year': 2012}, {'domain': 'hotelinlondon.co.uk', 'price': 1376, 'year': 2011}, {'domain': 'jobsinmanchester.co.uk', 'price': 1992, 'year': 2011}, {'domain': 'gigsinscotland.co.uk', 'price': 2145, 'year': 2009}, {'domain': 'jobsincheltenham.co.uk', 'price': 1225, 'year': 2011}, {'domain': 'jobsincardiff.co.uk', 'price': 1590, 'year': 2011}, {'domain': 'jobsinmiddlesbrough.co.uk', 'price': 1560, 'year': 2012}]","[100, 25000]",100
197,OK,livinginyorks.co.uk,"[{'avg_sold_price': 5000, 'type': 'valuable_keyword', 'keyword': 'yorks'}, {'type': 'popular_keyword', 'keyword': 'in'}, {'sld': 'livinginyorks', 'type': 'short'}]","[{'domain': 'cominhomesong.us', 'price': 10, 'year': 2014}, {'domain': 'churchinyourpjs.tv', 'price': 280, 'year': 2013}, {'domain': 'workfromhomejobs.co.uk', 'price': 4290, 'year': 2011}, {'domain': 'jeinnylizarazo.tv', 'price': 100, 'year': 2015}, {'domain': 'workfromhomejobs.co', 'price': 15, 'year': 2014}, {'domain': 'arcimboldos.info', 'price': 10, 'year': 2011}, {'domain': 'aimforthestars.info', 'price': 10, 'year': 2011}, {'domain': '4mp3s.biz', 'price': 10, 'year': 2006}, {'domain': 'designatshirt.co.uk', 'price': 1000, 'year': 2015}, {'domain': 'workfrommyhome.info', 'price': 10, 'year': 2012}]","[100, 25000]",100
198,OK,poolepowerboats.co.uk,"[{'type': 'popular_keyword', 'keyword': 'power'}, {'sld': 'poolepowerboats', 'type': 'short'}]","[{'domain': 'londonpowertools.co.uk', 'price': 1508, 'year': 2012}, {'domain': 'uksportscars.co.uk', 'price': 2934, 'year': 2011}, {'domain': 'usedpowercars.info', 'price': 1240, 'year': 2008}, {'domain': 'kellybluebook.co.uk', 'price': 1500, 'year': 2019}, {'domain': 'kentcarehomes.co.uk', 'price': 1170, 'year': 2010}, {'domain': 'thaihouseboats.info', 'price': 90, 'year': 2013}, {'domain': 'rhinoroofracks.co.uk', 'price': 1590, 'year': 2012}, {'domain': 'diysolarpanels.co.uk', 'price': 1560, 'year': 2011}, {'domain': 'bournemouthguttercleaning.co.uk', 'price': 90, 'year': 2018}, {'domain': 'harperandlewis.co.uk', 'price': 400, 'year': 2016}]","[100, 25000]",100
199,OK,theaerospaceexpert.com,"[{'type': 'popular_keyword', 'keyword': 'the'}, {'type': 'great_extension'}]","[{'domain': 'theaviationexperts.com', 'price': 50, 'year': 2017}, {'domain': 'theconcreteexperts.com', 'price': 1188, 'year': 2017}, {'domain': 'thetelecomexpert.com', 'price': 377, 'year': 2013}, {'domain': 'thepackagingexperts.com', 'price': 688, 'year': 2015}, {'domain': 'theefficiencyexpert.com', 'price': 688, 'year': 2018}, {'domain': 'theindustryexperts.com', 'price': 350, 'year': 2016}, {'domain': 'theplumbingexperts.com', 'price': 999, 'year': 2017}, {'domain': 'thefundingexperts.com', 'price': 995, 'year': 2018}, {'domain': 'theroofingexpert.com', 'price': 2488, 'year': 2016}, {'domain': 'therealestateexpert.com', 'price': 1250, 'year': 2010}]","[100, 25000]",1273
200,OK,thetaxiexpert.co.uk,"[{'keyword2': 'taxi', 'keyword1': 'expert', 'type': 'popular_keywords'}, {'sld': 'thetaxiexpert', 'type': 'short'}]","[{'domain': 'commsmanager.co.uk', 'price': 1260, 'year': 2014}, {'domain': 'wbascofficial.co.uk', 'price': 20, 'year': 2016}, {'domain': 'thetechprofessionals.info', 'price': 10, 'year': 2015}, {'domain': 'thelightingshowroom.co.uk', 'price': 760, 'year': 2016}, {'domain': 'xiangxire.info', 'price': 10, 'year': 2012}, {'domain': 'thebusinessindex.co.uk', 'price': 1600, 'year': 2013}, {'domain': 'theweathernetwork.co.uk', 'price': 3125, 'year': 2012}, {'domain': 'youyu123.info', 'price': 10, 'year': 2012}, {'domain': 'thenextlevel.co.uk', 'price': 2385, 'year': 2011}, {'domain': 'magnetixtherapy.co.uk', 'price': 719, 'year': 2018}]","[100, 25000]",100
201,OK,compareallinsurance.co.uk,"[{'keyword1_avg_sold_price': 2201, 'keyword1': 'compare', 'keyword2_avg_sold_price': 2110, 'type': 'valuable_keywords', 'keyword2': 'insurance'}, {'type': 'popular_keyword', 'keyword': 'all'}]","[{'domain': 'comparelifeinsurance.co.uk', 'price': 7000, 'year': 2011}, {'domain': 'comparetravelinsurance.co.uk', 'price': 12371, 'year': 2010}, {'domain': 'comparelifeinsurance.biz', 'price': 10, 'year': 2014}, {'domain': 'comparemyinsure.co.uk', 'price': 3000, 'year': 2019}, {'domain': 'cheapautoinsurance.co.uk', 'price': 3500, 'year': 2016}, {'domain': 'cheapallinclusive.co.uk', 'price': 1617, 'year': 2008}, {'domain': 'cheapercarinsurance.co.uk', 'price': 2468, 'year': 2006}, {'domain': 'privatehealthinsurance.co.uk', 'price': 1120, 'year': 2009}, {'domain': 'quoteslifeinsurance.mobi', 'price': 20, 'year': 2012}, {'domain': 'cheaphealthinsurance.club', 'price': 50, 'year': 2017}]","[100, 25000]",100
202,OK,livingindevonshire.co.uk,"[{'avg_sold_price': 1995, 'type': 'valuable_keyword', 'keyword': 'devonshire'}, {'type': 'popular_keyword', 'keyword': 'in'}]","[{'domain': 'madeindevon.co.uk', 'price': 1200, 'year': 2015}, {'domain': 'jobsincheltenham.co.uk', 'price': 1225, 'year': 2011}, {'domain': 'madeingreatbritain.co.uk', 'price': 3132, 'year': 2012}, {'domain': 'hotelinlondon.co.uk', 'price': 1376, 'year': 2011}, {'domain': 'jobsinyorkshire.co.uk', 'price': 1570, 'year': 2012}, {'domain': 'jobsinmiddlesbrough.co.uk', 'price': 1560, 'year': 2012}, {'domain': 'jobsinmanchester.co.uk', 'price': 1992, 'year': 2011}, {'domain': 'jobsincardiff.co.uk', 'price': 1590, 'year': 2011}, {'domain': 'jobsinleicester.co.uk', 'price': 2713, 'year': 2012}, {'domain': 'jobsinyork.co.uk', 'price': 2325, 'year': 2012}]","[100, 25000]",100
203,OK,livinginmiddlesex.co.uk,"[{'type': 'popular_keyword', 'keyword': 'in'}, {'sld': 'livinginmiddlesex', 'type': 'unique'}]","[{'domain': 'madeingreatbritain.co.uk', 'price': 3132, 'year': 2012}, {'domain': 'madeindevon.co.uk', 'price': 1200, 'year': 2015}, {'domain': 'jobsinmanchester.co.uk', 'price': 1992, 'year': 2011}, {'domain': 'jobsincheltenham.co.uk', 'price': 1225, 'year': 2011}, {'domain': 'jobsinleicester.co.uk', 'price': 2713, 'year': 2012}, {'domain': 'hotelinlondon.co.uk', 'price': 1376, 'year': 2011}, {'domain': 'jobsinyorkshire.co.uk', 'price': 1570, 'year': 2012}, {'domain': 'jobsincardiff.co.uk', 'price': 1590, 'year': 2011}, {'domain': 'madeinchina.co.uk', 'price': 1280, 'year': 2012}, {'domain': 'jobsinmiddlesbrough.co.uk', 'price': 1560, 'year': 2012}]","[100, 25000]",100
204,OK,livinginthehighlandsandislands.co.uk,"[{'keyword2': 'living', 'keyword1': 'in the', 'type': 'popular_keywords'}, {'sld': 'livinginthehighlandsandislands', 'type': 'unique'}]","[{'domain': 'motherofthebrideoutfits.co.uk', 'price': 5696, 'year': 2011}, {'domain': 'theonestopphoneshop.co.uk', 'price': 1708, 'year': 2006}, {'domain': 'givethegiftofmusic.biz', 'price': 20, 'year': 2015}, {'domain': 'getyourhomevaluefree.us', 'price': 55, 'year': 2008}, {'domain': 'timetorenewyourbody.info', 'price': 50, 'year': 2014}, {'domain': '4thebestcarports.info', 'price': 499, 'year': 2009}, {'domain': 'cocinasyclosetsmaderhogar.com.mx', 'price': 99, 'year': 2018}, {'domain': 'devereluxurylodges.co.uk', 'price': 250, 'year': 2016}, {'domain': 'debentures.co.uk', 'price': 1154, 'year': 2015}, {'domain': 'howtoimprovespokenenglish.info', 'price': 10, 'year': 2011}]","[100, 25000]",100
205,OK,newcarinfo.co.uk,"[{'type': 'popular_keyword', 'keyword': 'car'}, {'sld': 'newcarinfo', 'type': 'short'}, {'sld': 'newcarinfo', 'num_of_other_tlds_in_use': 3, 'type': 'extensions_taken'}]","[{'domain': 'newcarreviews.com.au', 'price': 1450, 'year': 2013}, {'domain': 'bestcarbuy.co.uk', 'price': 2025, 'year': 2014}, {'domain': 'bestcarhire.co.uk', 'price': 1120, 'year': 2009}, {'domain': 'buycaraudio.info', 'price': 20, 'year': 2013}, {'domain': 'studentcarinsurance.co.uk', 'price': 1120, 'year': 2012}, {'domain': 'cheapercarinsurance.co.uk', 'price': 2468, 'year': 2006}, {'domain': 'bestcarinsurance.info', 'price': 40, 'year': 2014}, {'domain': 'gsfcarparts.co.uk', 'price': 299, 'year': 2018}, {'domain': 'multicarinsurance.co.uk', 'price': 8500, 'year': 2011}, {'domain': 'temporarycarinsurance.co.uk', 'price': 11100, 'year': 2012}]","[100, 25000]",100
206,OK,thebikeexpert.co.uk,"[{'avg_sold_price': 2011, 'type': 'valuable_keyword', 'keyword': 'bike'}, {'keyword2': 'expert', 'keyword1': 'bike', 'type': 'popular_keywords'}, {'sld': 'thebikeexpert', 'type': 'short'}]","[{'domain': 'thesceniclabs.co.uk', 'price': 525, 'year': 2019}, {'domain': 'thebusinessindex.co.uk', 'price': 1600, 'year': 2013}, {'domain': 'thebookclub.co.uk', 'price': 3504, 'year': 2011}, {'domain': 'theweathernetwork.co.uk', 'price': 3125, 'year': 2012}, {'domain': 'thecruiseclub.co.uk', 'price': 1140, 'year': 2013}, {'domain': 'theplantjournal.info', 'price': 50, 'year': 2018}, {'domain': 'thelightingshowroom.co.uk', 'price': 760, 'year': 2016}, {'domain': 'theretailpeople.co.uk', 'price': 2500, 'year': 2015}, {'domain': 'thefurnitureshop.co.uk', 'price': 2175, 'year': 2016}, {'domain': 'thehotelfinder.info', 'price': 25, 'year': 2010}]","[100, 25000]",100
207,OK,aerospacepartnership.com,"[{'domain': 'aerospacepartnership.com', 'type': 'memorable'}, {'type': 'great_extension'}]","[{'domain': 'aerospacealliance.com', 'price': 1288, 'year': 2009}, {'domain': 'aerospaceacademy.com', 'price': 1700, 'year': 2019}, {'domain': 'technologypartnership.com', 'price': 1016, 'year': 2008}, {'domain': 'aerospacecompanies.com', 'price': 1250, 'year': 2018}, {'domain': 'aviationalliance.com', 'price': 900, 'year': 2005}, {'domain': 'environmentalresources.com', 'price': 1918, 'year': 2014}, {'domain': 'aerospaceholdings.com', 'price': 350, 'year': 2016}, {'domain': 'aerospacecomposites.com', 'price': 1750, 'year': 2008}, {'domain': 'enterprisepartnership.com', 'price': 688, 'year': 2011}, {'domain': 'biomedicalresearch.com', 'price': 1388, 'year': 2007}]","[100, 25000]",1553
208,OK,livinginbedfordshire.co.uk,"[{'type': 'popular_keyword', 'keyword': 'in'}, {'sld': 'livinginbedfordshire', 'type': 'unique'}]","[{'domain': 'madeingreatbritain.co.uk', 'price': 3132, 'year': 2012}, {'domain': 'jobsinmanchester.co.uk', 'price': 1992, 'year': 2011}, {'domain': 'jobsinmiddlesbrough.co.uk', 'price': 1560, 'year': 2012}, {'domain': 'madeindevon.co.uk', 'price': 1200, 'year': 2015}, {'domain': 'jobsinleicester.co.uk', 'price': 2713, 'year': 2012}, {'domain': 'hotelinlondon.co.uk', 'price': 1376, 'year': 2011}, {'domain': 'jobsincheltenham.co.uk', 'price': 1225, 'year': 2011}, {'domain': 'jobsincardiff.co.uk', 'price': 1590, 'year': 2011}, {'domain': 'jobsinyorkshire.co.uk', 'price': 1570, 'year': 2012}, {'domain': 'gigsinscotland.co.uk', 'price': 2145, 'year': 2009}]","[100, 25000]",100
209,OK,livinginperthshire.co.uk,"[{'type': 'popular_keyword', 'keyword': 'in'}, {'sld': 'livinginperthshire', 'type': 'unique'}]","[{'domain': 'madeindevon.co.uk', 'price': 1200, 'year': 2015}, {'domain': 'madeingreatbritain.co.uk', 'price': 3132, 'year': 2012}, {'domain': 'gigsinscotland.co.uk', 'price': 2145, 'year': 2009}, {'domain': 'hotelinlondon.co.uk', 'price': 1376, 'year': 2011}, {'domain': 'jobsincheltenham.co.uk', 'price': 1225, 'year': 2011}, {'domain': 'jobsinyorkshire.co.uk', 'price': 1570, 'year': 2012}, {'domain': 'jobsincardiff.co.uk', 'price': 1590, 'year': 2011}, {'domain': 'jobsinmanchester.co.uk', 'price': 1992, 'year': 2011}, {'domain': 'jobsinleicester.co.uk', 'price': 2713, 'year': 2012}, {'domain': 'jobsinmiddlesbrough.co.uk', 'price': 1560, 'year': 2012}]","[100, 25000]",100
210,OK,mybrandtoolkit.com,"[{'type': 'popular_keyword', 'keyword': 'my'}, {'type': 'great_extension'}, {'sld': 'mybrandtoolkit', 'type': 'short'}]","[{'domain': 'thebrandtoolkit.com', 'price': 150, 'year': 2013}, {'domain': 'mybrandimage.com', 'price': 1250, 'year': 2019}, {'domain': 'mybrandstory.com', 'price': 1221, 'year': 2017}, {'domain': 'thebrandsummit.com', 'price': 1000, 'year': 2017}, {'domain': 'myhrconnection.com', 'price': 1177, 'year': 2017}, {'domain': 'thebrandguild.com', 'price': 1895, 'year': 2018}, {'domain': 'mybusinessresource.com', 'price': 1088, 'year': 2019}, {'domain': 'myjobnetwork.com', 'price': 610, 'year': 2017}, {'domain': 'mydealhub.com', 'price': 1100, 'year': 2019}, {'domain': 'mylinkhelper.com', 'price': 1000, 'year': 2017}]","[100, 25000]",1325
211,OK,thefamilynetwork.co.uk,"[{'keyword2': 'network', 'keyword1': 'family', 'type': 'popular_keywords'}, {'domain': 'thefamilynetwork.com', 'type': 'other_extension_sold'}, {'sld': 'thefamilynetwork', 'num_of_other_tlds_in_use': 6, 'type': 'extensions_taken'}]","[{'domain': 'thefamilynetwork.com', 'price': 1300, 'year': 2006}, {'domain': 'theweathernetwork.co.uk', 'price': 3125, 'year': 2012}, {'domain': 'thebusinessindex.co.uk', 'price': 1600, 'year': 2013}, {'domain': 'thefurnitureshop.co.uk', 'price': 2175, 'year': 2016}, {'domain': 'thegeneraldirectory.info', 'price': 75, 'year': 2012}, {'domain': 'theretailpeople.co.uk', 'price': 2500, 'year': 2015}, {'domain': 'thesceniclabs.co.uk', 'price': 525, 'year': 2019}, {'domain': 'theunitedparty.co.uk', 'price': 130, 'year': 2019}, {'domain': 'thepodcastdigest.info', 'price': 22, 'year': 2019}, {'domain': 'thecruiseclub.co.uk', 'price': 1140, 'year': 2013}]","[100, 25000]",192
212,OK,compareallcaravans.co.uk,"[{'avg_sold_price': 2201, 'type': 'valuable_keyword', 'keyword': 'compare'}, {'sld': 'compareallcaravans', 'type': 'unique'}]","[{'domain': 'cheapallinclusive.co.uk', 'price': 1617, 'year': 2008}, {'domain': 'comparemobilephones.co.uk', 'price': 13410, 'year': 2009}, {'domain': 'comparelifeinsurance.co.uk', 'price': 7000, 'year': 2011}, {'domain': 'comparemyinsure.co.uk', 'price': 3000, 'year': 2019}, {'domain': 'comparelifeinsurance.biz', 'price': 10, 'year': 2014}, {'domain': 'teletexholidays.co.uk', 'price': 7900, 'year': 2006}, {'domain': 'uksportscars.co.uk', 'price': 2934, 'year': 2011}, {'domain': 'comparetravelinsurance.co.uk', 'price': 12371, 'year': 2010}, {'domain': 'allsafescaffolding.co.uk', 'price': 795, 'year': 2018}, {'domain': 'comparetheprice.co.uk', 'price': 4450, 'year': 2008}]","[100, 25000]",100
213,OK,livinginmidwales.co.uk,"[{'type': 'popular_keyword', 'keyword': 'in'}, {'sld': 'livinginmidwales', 'type': 'unique'}]","[{'domain': 'workfromhomejobs.co.uk', 'price': 4290, 'year': 2011}, {'domain': 'estateagentsinlondon.co.uk', 'price': 1200, 'year': 2012}, {'domain': 'thingstodoinlondon.co.uk', 'price': 3600, 'year': 2011}, {'domain': 'vakantieinzuidafrika.nl', 'price': 1461, 'year': 2008}, {'domain': 'universityofnorthtexas.xxx', 'price': 1000, 'year': 2011}, {'domain': 'jeinnylizarazo.tv', 'price': 100, 'year': 2015}, {'domain': 'churchinyourpjs.tv', 'price': 280, 'year': 2013}, {'domain': 'friendsofhospiceottawa.ca', 'price': 76, 'year': 2014}, {'domain': 'beabetteryou.co.uk', 'price': 1000, 'year': 2015}, {'domain': 'foraneasierlife.co.uk', 'price': 2580, 'year': 2010}]","[100, 25000]",100
214,OK,rayhutton.com,"[{'type': 'great_extension'}, {'sld': 'rayhutton', 'type': 'short'}]","[{'domain': 'raygibson.com', 'price': 788, 'year': 2019}, {'domain': 'rayarmstrong.com', 'price': 445, 'year': 2019}, {'domain': 'rayrobinson.com', 'price': 1550, 'year': 2013}, {'domain': 'raycarroll.com', 'price': 300, 'year': 2019}, {'domain': 'rayanderson.com', 'price': 3388, 'year': 2009}, {'domain': 'raybentley.com', 'price': 1200, 'year': 2009}, {'domain': 'raysanders.com', 'price': 688, 'year': 2011}, {'domain': 'rayhenderson.com', 'price': 600, 'year': 2006}, {'domain': 'tommorton.com', 'price': 1200, 'year': 2016}, {'domain': 'raykelly.com', 'price': 4000, 'year': 2014}]","[100, 25000]",1168
215,OK,thetruckexpert.co.uk,"[{'avg_sold_price': 2019, 'type': 'valuable_keyword', 'keyword': 'truck'}, {'keyword2': 'truck', 'keyword1': 'expert', 'type': 'popular_keywords'}, {'sld': 'thetruckexpert', 'type': 'short'}]","[{'domain': 'thebusinessindex.co.uk', 'price': 1600, 'year': 2013}, {'domain': 'theplantjournal.info', 'price': 50, 'year': 2018}, {'domain': 'thefurnitureshop.co.uk', 'price': 2175, 'year': 2016}, {'domain': 'theweathernetwork.co.uk', 'price': 3125, 'year': 2012}, {'domain': 'thesceniclabs.co.uk', 'price': 525, 'year': 2019}, {'domain': 'theretailpeople.co.uk', 'price': 2500, 'year': 2015}, {'domain': 'thecruiseclub.co.uk', 'price': 1140, 'year': 2013}, {'domain': 'thelightingshowroom.co.uk', 'price': 760, 'year': 2016}, {'domain': 'theauctionhouse.co.uk', 'price': 3230, 'year': 2009}, {'domain': 'theprintingfactory.co.uk', 'price': 1610, 'year': 2011}]","[100, 25000]",100
216,OK,livingingreaterlondon.co.uk,"[{'keyword2': 'greater london', 'keyword1': 'living', 'type': 'popular_keywords'}, {'sld': 'livingingreaterlondon', 'type': 'unique'}]","[{'domain': 'madeingreatbritain.co.uk', 'price': 3132, 'year': 2012}, {'domain': 'jobsinmiddlesbrough.co.uk', 'price': 1560, 'year': 2012}, {'domain': 'hotelinlondon.co.uk', 'price': 1376, 'year': 2011}, {'domain': 'madeindevon.co.uk', 'price': 1200, 'year': 2015}, {'domain': 'jobsincheltenham.co.uk', 'price': 1225, 'year': 2011}, {'domain': 'jobsinmanchester.co.uk', 'price': 1992, 'year': 2011}, {'domain': 'jobsincardiff.co.uk', 'price': 1590, 'year': 2011}, {'domain': 'madeinchina.co.uk', 'price': 1280, 'year': 2012}, {'domain': 'jobsinleicester.co.uk', 'price': 2713, 'year': 2012}, {'domain': 'jobsinyork.co.uk', 'price': 2325, 'year': 2012}]","[100, 25000]",100
217,OK,livinginyourtown.co.uk,"[{'keyword2': 'living', 'keyword1': 'your', 'type': 'popular_keywords'}, {'sld': 'livinginyourtown', 'type': 'unique'}]","[{'domain': 'churchinyourpjs.tv', 'price': 280, 'year': 2013}, {'domain': 'outofthisworld.co.uk', 'price': 3200, 'year': 2012}, {'domain': 'workfrommyhome.info', 'price': 10, 'year': 2012}, {'domain': 'workfromhomejobs.co.uk', 'price': 4290, 'year': 2011}, {'domain': 'cominhomesong.us', 'price': 10, 'year': 2014}, {'domain': 'foraneasierlife.co.uk', 'price': 2580, 'year': 2010}, {'domain': 'aimforthestars.info', 'price': 10, 'year': 2011}, {'domain': 'workfromhomejobs.co', 'price': 15, 'year': 2014}, {'domain': 'webuyyourhome.co.uk', 'price': 1078, 'year': 2011}, {'domain': 'cheaperbythedozen.co.uk', 'price': 1680, 'year': 2009}]","[100, 25000]",100
218,OK,automotiveclub.co.uk,"[{'avg_sold_price': 1888, 'type': 'valuable_keyword', 'keyword': 'club'}, {'type': 'popular_keyword', 'keyword': 'club'}, {'domain': 'automotiveclub.co.uk', 'type': 'memorable'}, {'domain': 'automotiveclub.com', 'type': 'other_extension_sold'}, {'sld': 'automotiveclub', 'type': 'short'}, {'sld': 'automotiveclub', 'num_of_other_tlds_in_use': 4, 'type': 'extensions_taken'}]","[{'domain': 'automotiveclub.com', 'price': 1000, 'year': 2006}, {'domain': 'fitnessclub.co.uk', 'price': 1811, 'year': 2012}, {'domain': 'comedyclub.co.uk', 'price': 1474, 'year': 2013}, {'domain': 'coffeeclub.co.uk', 'price': 3125, 'year': 2019}, {'domain': 'hairclub.co.uk', 'price': 3000, 'year': 2017}, {'domain': 'kennelclub.co.uk', 'price': 1330, 'year': 2010}, {'domain': 'gentlemanclub.co.uk', 'price': 4920, 'year': 2010}, {'domain': 'autonetwork.co.uk', 'price': 1000, 'year': 2013}, {'domain': 'autocrew.co.uk', 'price': 5362, 'year': 2009}, {'domain': 'autoclubs.info', 'price': 1500, 'year': 2007}]","[100, 25000]",115
219,OK,livingintayside.co.uk,"[{'keyword2': 'side', 'keyword1': 'living', 'type': 'popular_keywords'}, {'sld': 'livingintayside', 'type': 'short'}]","[{'domain': 'madeindevon.co.uk', 'price': 1200, 'year': 2015}, {'domain': 'madeinchina.co.uk', 'price': 1280, 'year': 2012}, {'domain': 'madeingreatbritain.co.uk', 'price': 3132, 'year': 2012}, {'domain': 'hotelinlondon.co.uk', 'price': 1376, 'year': 2011}, {'domain': 'jobsinyorkshire.co.uk', 'price': 1570, 'year': 2012}, {'domain': 'jobsinmanchester.co.uk', 'price': 1992, 'year': 2011}, {'domain': 'jobsincardiff.co.uk', 'price': 1590, 'year': 2011}, {'domain': 'jobsinleicester.co.uk', 'price': 2713, 'year': 2012}, {'domain': 'jobsincheltenham.co.uk', 'price': 1225, 'year': 2011}, {'domain': 'gigsinscotland.co.uk', 'price': 2145, 'year': 2009}]","[100, 25000]",100
220,OK,thelogisticsexpert.com,"[{'avg_sold_price': 1946, 'type': 'valuable_keyword', 'keyword': 'logistics'}, {'keyword2': 'logistics', 'keyword1': 'expert', 'type': 'popular_keywords'}, {'type': 'great_extension'}]","[{'domain': 'thetelecomexpert.com', 'price': 377, 'year': 2013}, {'domain': 'thepackagingexperts.com', 'price': 688, 'year': 2015}, {'domain': 'thefundingexperts.com', 'price': 995, 'year': 2018}, {'domain': 'theaviationexperts.com', 'price': 50, 'year': 2017}, {'domain': 'theglobalconsultant.com', 'price': 688, 'year': 2017}, {'domain': 'theinsuranceexpert.com', 'price': 995, 'year': 2018}, {'domain': 'theplumbingexperts.com', 'price': 999, 'year': 2017}, {'domain': 'therecruitmentsolution.com', 'price': 688, 'year': 2014}, {'domain': 'theefficiencyexpert.com', 'price': 688, 'year': 2018}, {'domain': 'thestaffingpros.com', 'price': 488, 'year': 2017}]","[100, 25000]",1273
221,OK,livinginkentandsussex.co.uk,"[{'type': 'popular_keyword', 'keyword': 'and'}, {'sld': 'livinginkentandsussex', 'type': 'unique'}]","[{'domain': 'devereluxurylodges.co.uk', 'price': 250, 'year': 2016}, {'domain': 'motherofthebrideoutfits.co.uk', 'price': 5696, 'year': 2011}, {'domain': 'debentures.co.uk', 'price': 1154, 'year': 2015}, {'domain': 'theonestopphoneshop.co.uk', 'price': 1708, 'year': 2006}, {'domain': 'joghurtmitderbuttermilch.de', 'price': 7150, 'year': 2009}, {'domain': 'timetorenewyourbody.info', 'price': 50, 'year': 2014}, {'domain': 'vegeterraneanrestaurant.biz', 'price': 10, 'year': 2008}, {'domain': 'vegeterraneanrestaurant.us', 'price': 10, 'year': 2008}, {'domain': 'vegeterraneanrestaurant.info', 'price': 10, 'year': 2008}, {'domain': 'rentabiliser.fr', 'price': 7748, 'year': 2009}]","[100, 25000]",100
222,OK,thecarexpert.reviews,"[{'type': 'popular_keyword', 'keyword': 'the'}, {'domain': 'thecarexpert.com', 'type': 'other_extension_sold'}, {'sld': 'thecarexpert', 'type': 'short'}, {'sld': 'thecarexpert', 'num_of_other_tlds_in_use': 4, 'type': 'extensions_taken'}]","[{'domain': 'thecarexpert.com', 'price': 299, 'year': 2017}, {'domain': 'thelakeclinic.work', 'price': 20, 'year': 2017}, {'domain': 'theplantjournal.info', 'price': 50, 'year': 2018}, {'domain': 'nationalcarrental.ind.in', 'price': 1500, 'year': 2012}, {'domain': 'thefrenches.online', 'price': 20, 'year': 2019}, {'domain': 'thehotelfinder.info', 'price': 25, 'year': 2010}, {'domain': 'thelifequote.info', 'price': 20, 'year': 2013}, {'domain': 'thegpsblog.info', 'price': 10, 'year': 2009}, {'domain': 'theunitedparty.uk', 'price': 130, 'year': 2019}, {'domain': 'themobileguide.info', 'price': 99, 'year': 2010}]","[100, 25000]",100
223,OK,livinginwestsussex.co.uk,"[{'type': 'popular_keyword', 'keyword': 'in'}, {'sld': 'livinginwestsussex', 'type': 'unique'}]","[{'domain': 'madeingreatbritain.co.uk', 'price': 3132, 'year': 2012}, {'domain': 'madeindevon.co.uk', 'price': 1200, 'year': 2015}, {'domain': 'hotelinlondon.co.uk', 'price': 1376, 'year': 2011}, {'domain': 'jobsinyorkshire.co.uk', 'price': 1570, 'year': 2012}, {'domain': 'jobsinmanchester.co.uk', 'price': 1992, 'year': 2011}, {'domain': 'jobsinleicester.co.uk', 'price': 2713, 'year': 2012}, {'domain': 'jobsinmiddlesbrough.co.uk', 'price': 1560, 'year': 2012}, {'domain': 'jobsincardiff.co.uk', 'price': 1590, 'year': 2011}, {'domain': 'gigsinscotland.co.uk', 'price': 2145, 'year': 2009}, {'domain': 'jobsincheltenham.co.uk', 'price': 1225, 'year': 2011}]","[100, 25000]",100
224,OK,reviewsandsources.co.uk,"[{'type': 'popular_keyword', 'keyword': 'and'}, {'sld': 'reviewsandsources', 'type': 'unique'}]","[{'domain': 'articlesandlinks.info', 'price': 14, 'year': 2011}, {'domain': 'supplyanddemand.co.uk', 'price': 4655, 'year': 2017}, {'domain': 'checksandbalances.info', 'price': 50, 'year': 2018}, {'domain': 'harperandlewis.co.uk', 'price': 400, 'year': 2016}, {'domain': 'homeandgardens.co.uk', 'price': 1120, 'year': 2011}, {'domain': 'franklinandmarshall.co.uk', 'price': 1064, 'year': 2015}, {'domain': 'artandliving.co.uk', 'price': 1774, 'year': 2010}, {'domain': 'stocksandshares.biz', 'price': 150, 'year': 2019}, {'domain': 'moneyandfinances.info', 'price': 105, 'year': 2012}, {'domain': 'watsonandcompany.co', 'price': 20, 'year': 2013}]","[100, 25000]",100
225,OK,the4x4expert.co.uk,"[{'type': 'popular_keyword', 'keyword': 'the'}, {'sld': 'the4x4expert', 'type': 'short'}]","[{'domain': 'theonestopphoneshop.co.uk', 'price': 1708, 'year': 2006}, {'domain': 'theheywhateverconcept.info', 'price': 280, 'year': 2012}, {'domain': 'theworldneedsmorecanada.ca', 'price': 375, 'year': 2019}, {'domain': 'debentures.co.uk', 'price': 1154, 'year': 2015}, {'domain': 'nowinnofeeclaims.co.uk', 'price': 3008, 'year': 2007}, {'domain': 'awfazglobalschool.co', 'price': 280, 'year': 2014}, {'domain': 'devereluxurylodges.co.uk', 'price': 250, 'year': 2016}, {'domain': 'the11forgottenlawspage.info', 'price': 250, 'year': 2016}, {'domain': 'youtubetomp3converter.info', 'price': 10, 'year': 2011}, {'domain': 'mijnbnppf.nl', 'price': 799, 'year': 2016}]","[100, 25000]",100
226,OK,inlcoaching.co.uk,"[{'type': 'popular_keyword', 'keyword': 'in'}, {'sld': 'inlcoaching', 'type': 'short'}]","[{'domain': 'iotanalytics.co.uk', 'price': 1520, 'year': 2015}, {'domain': 'inoherb.info', 'price': 10, 'year': 2011}, {'domain': 'independsurfer.info', 'price': 10, 'year': 2008}, {'domain': '3dmodelling.info', 'price': 15, 'year': 2011}, {'domain': 'spirituallifecoaching.co.uk', 'price': 1412, 'year': 2009}, {'domain': 'inmemoriam.es', 'price': 1632, 'year': 2014}, {'domain': 'magnetixtherapy.co.uk', 'price': 719, 'year': 2018}, {'domain': '3dmodels.us', 'price': 12, 'year': 2010}, {'domain': 'bbmedia.co.uk', 'price': 1330, 'year': 2010}, {'domain': 'commsmanager.co.uk', 'price': 1260, 'year': 2014}]","[100, 25000]",100
227,OK,livinginhants.co.uk,"[{'type': 'popular_keyword', 'keyword': 'in'}, {'sld': 'livinginhants', 'type': 'short'}]","[{'domain': 'madeindevon.co.uk', 'price': 1200, 'year': 2015}, {'domain': 'hotelinlondon.co.uk', 'price': 1376, 'year': 2011}, {'domain': 'jobsincardiff.co.uk', 'price': 1590, 'year': 2011}, {'domain': 'jobsinyorkshire.co.uk', 'price': 1570, 'year': 2012}, {'domain': 'jobsinleicester.co.uk', 'price': 2713, 'year': 2012}, {'domain': 'madeinchina.co.uk', 'price': 1280, 'year': 2012}, {'domain': 'jobsinyork.co.uk', 'price': 2325, 'year': 2012}, {'domain': 'madeingreatbritain.co.uk', 'price': 3132, 'year': 2012}, {'domain': 'gigsinscotland.co.uk', 'price': 2145, 'year': 2009}, {'domain': 'jobsinmanchester.co.uk', 'price': 1992, 'year': 2011}]","[100, 25000]",100
